0.00000000000000000 -0.00000000000000000
0.12566370614359174 -0.12566370614359174
0.25132741228718347 -0.25033651643031157
0.37699111843077521 -0.37205226616601106
0.50265482457436694 -0.48889142526789364
0.62831853071795862 -0.59901137040059216
0.75398223686155030 -0.70067544424689732
0.87964594300514198 -0.79228034363107902
1.00530964914873366 -0.87238140456773428
1.13097335529232534 -0.93971538547583755
1.25663706143591702 -0.99322038925309752
1.38230076757950870 -1.03205261002760684
1.50796447372310038 -1.05559964048050725
1.63362817986669207 -1.06349012987524238
1.75929188601028375 -1.05559964048050725
1.88495559215387543 -1.03205261002760684
2.01061929829746733 -0.99322038925309752
2.13628300444105923 -0.93971538547583755
2.26194671058465113 -0.87238140456773439
2.38761041672824303 -0.79228034363107924
2.51327412287183494 -0.70067544424689754
2.63893782901542684 -0.59901137040059227
2.76460153515901874 -0.48889142526789370
2.89026524130261064 -0.37205226616601106
3.01592894744620255 -0.25033651643031157
3.14159265358979445 -0.12566370614359174
3.26725635973338635 0.00000000000000000
3.39292006587697825 0.12467281028671981
3.51858377202057016 0.24638856002241921
3.64424747816416206 0.36322771912430174
3.76991118430775396 0.47334766425700014
3.89557489045134586 0.57501173810330519
4.02123859659493732 0.66661663748748667
4.14690230273852922 0.74671769842414171
4.27256600888212112 0.81405167933224465
4.39822971502571303 0.86755668310950429
4.52389342116930493 0.90638890388401328
4.64955712731289683 0.92993593433691335
4.77522083345648873 0.93782642373164804
4.90088453960008064 0.92993593433691257
5.02654824574367254 0.90638890388401172
5.15221195188726444 0.86755668310950196
5.27787565803085634 0.81405167933224165
5.40353936417444825 0.74671769842413804
5.52920307031804015 0.66661663748748246
5.65486677646163205 0.57501173810330042
5.78053048260522395 0.47334766425699493
5.90619418874881585 0.36322771912429613
6.03185789489240776 0.24638856002241333
6.15752160103599966 0.12467281028671372
6.28318530717959156 -0.00000000000000619
6.40884901332318346 -0.12566370614359793
6.53451271946677537 -0.25033651643031768
6.66017642561036727 -0.37205226616601694
6.78584013175395917 -0.48889142526789930
6.91150383789755107 -0.59901137040059749
7.03716754404114297 -0.70067544424690220
7.16283125018473488 -0.79228034363108335
7.28849495632832678 -0.87238140456773794
7.41415866247191868 -0.93971538547584044
7.53982236861551058 -0.99322038925309963
7.66548607475910249 -1.03205261002760817
7.79114978090269439 -1.05559964048050769
7.91681348704628629 -1.06349012987524194
8.04247719318987819 -1.05559964048050592
8.16814089933346921 -1.03205261002760462
8.29380460547706022 -0.99322038925309453
8.41946831162065124 -0.93971538547583389
8.54513201776424225 -0.87238140456773006
8.67079572390783326 -0.79228034363107447
8.79645943005142428 -0.70067544424689243
8.92212313619501529 -0.59901137040058705
9.04778684233860631 -0.48889142526788837
9.17345054848219732 -0.37205226616600573
9.29911425462578833 -0.25033651643030624
9.42477796076937935 -0.12566370614358641
9.55044166691297036 0.00000000000000533
9.67610537305656138 0.12467281028672518
9.80176907920015239 0.24638856002242471
9.92743278534374340 0.36322771912430740
10.05309649148733442 0.47334766425700614
10.17876019763092543 0.57501173810331163
10.30442390377451645 0.66661663748749367
10.43008760991810746 0.74671769842414937
10.55575131606169847 0.81405167933225320
10.68141502220528949 0.86755668310951395
10.80707872834888050 0.90638890388402416
10.93274243449247152 0.92993593433692556
11.05840614063606253 0.93782642373166181
11.18406984677965355 0.92993593433692789
11.30973355292324456 0.90638890388402871
11.43539725906683557 0.86755668310952072
11.56106096521042659 0.81405167933226208
11.68672467135401760 0.74671769842416025
11.81238837749760862 0.66661663748750632
11.93805208364119963 0.57501173810332584
12.06371578978479064 0.47334766425702174
12.18937949592838166 0.36322771912432417
12.31504320207197267 0.24638856002244230
12.44070690821556369 0.12467281028674336
12.56637061435915470 0.00000000000002380
12.69203432050274571 -0.12566370614356792
12.81769802664633673 -0.25033651643028804
12.94336173278992774 -0.37205226616598808
13.06902543893351876 -0.48889142526787160
13.19468914507710977 -0.59901137040057140
13.32035285122070079 -0.70067544424687822
13.44601655736429180 -0.79228034363106181
13.57168026350788281 -0.87238140456771918
13.69734396965147383 -0.93971538547582489
13.82300767579506484 -0.99322038925308764
13.94867138193865586 -1.03205261002759996
14.07433508808224687 -1.05559964048050370
14.19999879422583788 -1.06349012987524216
14.32566250036942890 -1.05559964048051058
14.45132620651301991 -1.03205261002761373
14.57698991265661093 -0.99322038925310785
14.70265361880020194 -0.93971538547585132
14.82831732494379295 -0.87238140456775137
14.95398103108738397 -0.79228034363109923
15.07964473723097498 -0.70067544424692030
15.20530844337456600 -0.59901137040061747
15.33097214951815701 -0.48889142526792095
15.45663585566174802 -0.37205226616603992
15.58229956180533904 -0.25033651643034155
15.70796326794893005 -0.12566370614362227
15.83362697409252107 -0.00000000000003053
15.95929068023611208 0.12467281028668988
16.08495438637970310 0.24638856002239051
16.21061809252329411 0.36322771912427487
16.33628179866688512 0.47334766425697578
16.46194550481047614 0.57501173810328388
16.58760921095406715 0.66661663748746902
16.71327291709765817 0.74671769842412816
16.83893662324124918 0.81405167933223577
16.96460032938484019 0.86755668310950051
17.09026403552843121 0.90638890388401505
17.21592774167202222 0.92993593433692090
17.34159144781561324 0.93782642373166158
17.46725515395920425 0.92993593433693222
17.59291886010279526 0.90638890388403748
17.71858256624638628 0.86755668310953371
17.84424627238997729 0.81405167933227918
17.96990997853356831 0.74671769842418112
18.09557368467715932 0.66661663748753064
18.22123739082075033 0.57501173810335326
18.34690109696434135 0.47334766425705177
18.47256480310793236 0.36322771912435636
18.59822850925152338 0.24638856002247617
18.72389221539511439 0.12467281028677833
18.84955592153870541 0.00000000000005936
18.97521962768229642 -0.12566370614353239
19.10088333382588743 -0.25033651643025306
19.22654703996947845 -0.37205226616595427
19.35221074611306946 -0.48889142526783946
19.47787445225666048 -0.59901137040054142
19.60353815840025149 -0.70067544424685091
19.72920186454384250 -0.79228034363103761
19.85486557068743352 -0.87238140456769853
19.98052927683102453 -0.93971538547580802
20.10619298297461555 -0.99322038925307488
20.23185668911820656 -1.03205261002759152
20.35752039526179757 -1.05559964048049948
20.48318410140538859 -1.06349012987524238
20.60884780754897960 -1.05559964048051524
20.73451151369257062 -1.03205261002762283
20.86017521983616163 -0.99322038925312128
20.98583892597975264 -0.93971538547586875
21.11150263212334366 -0.87238140456777258
21.23716633826693467 -0.79228034363112387
21.36283004441052569 -0.70067544424694805
21.48849375055411670 -0.59901137040064789
21.61415745669770772 -0.48889142526795354
21.73982116284129873 -0.37205226616607417
21.86548486898488974 -0.25033651643037691
21.99114857512848076 -0.12566370614365821
22.11681228127207177 -0.00000000000006647
22.24247598741566279 0.12467281028665450
22.36813969355925380 0.24638856002235626
22.49380339970284481 0.36322771912424229
22.61946710584643583 0.47334766425694536
22.74513081199002684 0.57501173810325612
22.87079451813361786 0.66661663748744437
22.99645822427720887 0.74671769842410696
23.12212193042079988 0.81405167933221845
23.24778563656439090 0.86755668310948730
23.37344934270798191 0.90638890388400606
23.49911304885157293 0.92993593433691635
23.62477675499516394 0.93782642373166158
23.75044046113875496 0.92993593433693666
23.87610416728234597 0.90638890388404636
24.00176787342593698 0.86755668310954692
24.12743157956952800 0.81405167933229650
24.25309528571311901 0.74671769842420221
24.37875899185671003 0.66661663748755529
24.50442269800030104 0.57501173810338102
24.63008640414389205 0.47334766425708219
24.75575011028748307 0.36322771912438889
24.88141381643107408 0.24638856002251036
25.00707752257466510 0.12467281028681367
25.13274122871825611 0.00000000000009524
25.25840493486184712 -0.12566370614349648
25.38406864100543814 -0.25033651643021770
25.50973234714902915 -0.37205226616592002
25.63539605329262017 -0.48889142526780688
25.76105975943621118 -0.59901137040051100
25.88672346557980219 -0.70067544424682304
26.01238717172339321 -0.79228034363101285
26.13805087786698422 -0.87238140456767721
26.26371458401057524 -0.93971538547579059
26.38937829015416625 -0.99322038925306144
26.51504199629775727 -1.03205261002758242
26.64070570244134828 -1.05559964048049482
26.76636940858493929 -1.06349012987524216
26.89203311472853031 -1.05559964048051946
27.01769682087212132 -1.03205261002763127
27.14336052701571234 -0.99322038925313394
27.26902423315930335 -0.93971538547588551
27.39468793930289436 -0.87238140456779312
27.52035164544648538 -0.79228034363114785
27.64601535159007639 -0.70067544424697514
27.77167905773366741 -0.59901137040067765
27.89734276387725842 -0.48889142526798546
28.02300647002084943 -0.37205226616610776
28.14867017616444045 -0.25033651643041160
28.27433388230803146 -0.12566370614369346
28.39999758845162248 -0.00000000000010172
28.52566129459521349 0.12467281028661981
28.65132500073880450 0.24638856002232268
28.77698870688239552 0.36322771912421037
28.90265241302598653 0.47334766425691560
29.02831611916957755 0.57501173810322903
29.15397982531316856 0.66661663748742028
29.27964353145675958 0.74671769842408642
29.40530723760035059 0.81405167933220168
29.53097094374394160 0.86755668310947465
29.65663464988753262 0.90638890388399773
29.78229835603112363 0.92993593433691246
29.90796206217471465 0.93782642373166214
30.03362576831830566 0.92993593433694177
30.15928947446189667 0.90638890388405591
30.28495318060548769 0.86755668310956069
30.41061688674907870 0.81405167933231426
30.53628059289266972 0.74671769842422375
30.66194429903626073 0.66661663748758027
30.78760800517985174 0.57501173810340900
30.91327171132344276 0.47334766425711283
31.03893541746703377 0.36322771912442170
31.16459912361062479 0.24638856002254483
31.29026282975421580 0.12467281028684925
31.41592653589780682 0.00000000000013138
31.54159024204139783 -0.12566370614346034
31.66725394818498884 -0.25033651643018218
31.79291765432857986 -0.37205226616588560
31.91858136047217087 -0.48889142526777407
32.04424506661576544 -0.59901137040048036
32.16990877275935645 -0.70067544424679484
32.29557247890294747 -0.79228034363098743
32.42123618504653848 -0.87238140456765489
32.54689989119012949 -0.93971538547577160
32.67256359733372051 -0.99322038925304612
32.79822730347731152 -1.03205261002757087
32.92389100962090254 -1.05559964048048727
33.04955471576449355 -1.06349012987523883
33.17521842190808457 -1.05559964048052013
33.30088212805167558 -1.03205261002763593
33.42654583419526659 -0.99322038925314249
33.55220954033885761 -0.93971538547589772
33.67787324648244862 -0.87238140456780877
33.80353695262603964 -0.79228034363116662
33.92920065876963065 -0.70067544424699657
34.05486436491322166 -0.59901137040070140
34.18052807105681268 -0.48889142526801116
34.30619177720040369 -0.37205226616613496
34.43185548334399471 -0.25033651643043980
34.55751918948758572 -0.12566370614372219
34.68318289563117673 -0.00000000000013045
34.80884660177476775 0.12467281028659159
34.93451030791835876 0.24638856002229548
35.06017401406194978 0.36322771912418467
35.18583772020554079 0.47334766425689184
35.31150142634913180 0.57501173810320760
35.43716513249272282 0.66661663748740163
35.56282883863631383 0.74671769842407087
35.68849254477990485 0.81405167933218947
35.81415625092349586 0.86755668310946610
35.93981995706708688 0.90638890388399296
36.06548366321067789 0.92993593433691157
36.19114736935426890 0.93782642373166525
36.31681107549785992 0.92993593433694888
36.44247478164145093 0.90638890388406701
36.56813848778504195 0.86755668310957568
36.69380219392863296 0.81405167933233291
36.81946590007222397 0.74671769842424585
36.94512960621581499 0.66661663748760547
37.07079331235940600 0.57501173810343698
37.19645701850299702 0.47334766425714314
37.32212072464658803 0.36322771912445395
37.44778443079017904 0.24638856002257858
37.57344813693377006 0.12467281028688401
37.69911184307736107 0.00000000000016666
37.82477554922095209 -0.12566370614342509
37.95043925536454310 -0.25033651643014743
38.07610296150813411 -0.37205226616585185
38.20176666765172513 -0.48889142526774187
38.32743037379531614 -0.59901137040045016
38.45309407993890716 -0.70067544424676731
38.57875778608249817 -0.79228034363096289
38.70442149222608919 -0.87238140456763380
38.83008519836968020 -0.93971538547575439
38.95574890451327121 -0.99322038925303302
39.08141261065686223 -1.03205261002756199
39.20707631680045324 -1.05559964048048283
39.33274002294404426 -1.06349012987523883
39.45840372908763527 -1.05559964048052479
39.58406743523122628 -1.03205261002764503
39.70973114137481730 -0.99322038925315581
39.83539484751840831 -0.93971538547591504
39.96105855366199933 -0.87238140456782987
40.08672225980559034 -0.79228034363119126
40.21238596594918135 -0.70067544424702433
40.33804967209277237 -0.59901137040073182
40.46371337823636338 -0.48889142526804374
40.58937708437995440 -0.37205226616616915
40.71504079052354541 -0.25033651643047516
40.84070449666713643 -0.12566370614375810
40.96636820281072744 -0.00000000000016637
41.09203190895431845 0.12467281028655625
41.21769561509790947 0.24638856002226123
41.34335932124150048 0.36322771912415203
41.46902302738509150 0.47334766425686137
41.59468673352868251 0.57501173810317985
41.72035043967227352 0.66661663748737698
41.84601414581586454 0.74671769842404967
41.97167785195945555 0.81405167933217215
42.09734155810304657 0.86755668310945278
42.22300526424663758 0.90638890388398397
42.34866897039022859 0.92993593433690702
42.47433267653381961 0.93782642373166525
42.59999638267741062 0.92993593433695332
42.72566008882100164 0.90638890388407578
42.85132379496459265 0.86755668310958867
42.97698750110818366 0.81405167933235001
43.10265120725177468 0.74671769842426672
43.22831491339536569 0.66661663748762978
43.35397861953895671 0.57501173810346440
43.47964232568254772 0.47334766425717323
43.60530603182613874 0.36322771912448626
43.73096973796972975 0.24638856002261250
43.85663344411332076 0.12467281028691904
43.98229715025691178 0.00000000000020224
44.10796085640050279 -0.12566370614338951
44.23362456254409381 -0.25033651643011240
44.35928826868768482 -0.37205226616581799
44.48495197483127583 -0.48889142526770962
44.61061568097486685 -0.59901137040042007
44.73627938711845786 -0.70067544424673978
44.86194309326204888 -0.79228034363093847
44.98760679940563989 -0.87238140456761282
45.11327050554923090 -0.93971538547573719
45.23893421169282192 -0.99322038925301992
45.36459791783641293 -1.03205261002755333
45.49026162398000395 -1.05559964048047861
45.61592533012359496 -1.06349012987523905
45.74158903626718597 -1.05559964048052946
45.86725274241077699 -1.03205261002765414
45.99291644855436800 -0.99322038925316924
46.11858015469795902 -0.93971538547593259
46.24424386084155003 -0.87238140456785118
46.36990756698514105 -0.79228034363121602
46.49557127312873206 -0.70067544424705219
46.62123497927232307 -0.59901137040076236
46.74689868541591409 -0.48889142526807644
46.87256239155950510 -0.37205226616620352
46.99822609770309612 -0.25033651643051058
47.12388980384668713 -0.12566370614379407
47.24955350999027814 -0.00000000000020234
47.37521721613386916 0.12467281028652083
47.50088092227746017 0.24638856002222695
47.62654462842105119 0.36322771912411944
47.75220833456464220 0.47334766425683095
47.87787204070823321 0.57501173810315198
48.00353574685182423 0.66661663748735223
48.12919945299541524 0.74671769842402835
48.25486315913900626 0.81405167933215461
48.38052686528259727 0.86755668310943934
48.50619057142618828 0.90638890388397475
48.63185427756977930 0.92993593433690225
48.75751798371337031 0.93782642373166492
48.88318168985696133 0.92993593433695754
49.00884539600055234 0.90638890388408444
49.13450910214414336 0.86755668310960166
49.26017280828773437 0.81405167933236700
49.38583651443132538 0.74671769842428748
49.51150022057491640 0.66661663748765398
49.63716392671850741 0.57501173810349171
49.76282763286209843 0.47334766425720320
49.88849133900568944 0.36322771912451840
50.01415504514928045 0.24638856002264631
50.13981875129287147 0.12467281028695396
50.26548245743646248 0.00000000000023773
50.39114616358005350 -0.12566370614335401
50.51680986972364451 -0.25033651643007748
50.64247357586723552 -0.37205226616578413
50.76813728201082654 -0.48889142526767743
50.89380098815441755 -0.59901137040038999
51.01946469429800857 -0.70067544424671235
51.14512840044159958 -0.79228034363091415
51.27079210658519060 -0.87238140456759206
51.39645581272878161 -0.93971538547572020
51.52211951887237262 -0.99322038925300693
51.64778322501596364 -1.03205261002754445
51.77344693115955465 -1.05559964048047417
51.89911063730314567 -1.06349012987523905
52.02477434344673668 -1.05559964048053390
52.15043804959032769 -1.03205261002766302
52.27610175573391871 -0.99322038925318235
52.40176546187750972 -0.93971538547594979
52.52742916802110074 -0.87238140456787217
52.65309287416469175 -0.79228034363124045
52.77875658030828276 -0.70067544424707973
52.90442028645187378 -0.59901137040079255
53.03008399259546479 -0.48889142526810880
53.15574769873905581 -0.37205226616623754
53.28141140488264682 -0.25033651643054577
53.40707511102623783 -0.12566370614382982
53.53273881716982885 -0.00000000000023809
53.65840252331341986 0.12467281028648564
53.78406622945701088 0.24638856002219287
53.90972993560060189 0.36322771912408702
54.03539364174419291 0.47334766425680069
54.16105734788778392 0.57501173810312445
54.28672105403137493 0.66661663748732780
54.41238476017496595 0.74671769842400737
54.53804846631855696 0.81405167933213740
54.66371217246214798 0.86755668310942624
54.78937587860573899 0.90638890388396598
54.91503958474933000 0.92993593433689792
55.04070329089292102 0.93782642373166514
55.16636699703651203 0.92993593433696220
55.29203070318010305 0.90638890388409354
55.41769440932369406 0.86755668310961509
55.54335811546728507 0.81405167933238454
55.66902182161087609 0.74671769842430891
55.79468552775446710 0.66661663748767896
55.92034923389805812 0.57501173810351969
56.04601294004164913 0.47334766425723379
56.17167664618524014 0.36322771912455110
56.29734035232883116 0.24638856002268067
56.42300405847242217 0.12467281028698944
56.54866776461601319 0.00000000000027378
56.67433147075960420 -0.12566370614331795
56.79999517690319522 -0.25033651643004196
56.92565888304678623 -0.37205226616574971
57.05132258919037724 -0.48889142526764467
57.17698629533396826 -0.59901137040035946
57.30265000147755927 -0.70067544424668449
57.42831370762115029 -0.79228034363088928
57.55397741376474130 -0.87238140456757063
57.67964111990833231 -0.93971538547570255
57.80530482605192333 -0.99322038925299339
57.93096853219551434 -1.03205261002753534
58.05663223833910536 -1.05559964048046950
58.18229594448269637 -1.06349012987523883
58.30795965062628738 -1.05559964048053812
58.43362335676987840 -1.03205261002767168
58.55928706291346941 -0.99322038925319533
58.68495076905706043 -0.93971538547596678
58.81061447520065144 -0.87238140456789304
58.93627818134424245 -0.79228034363126476
59.06194188748783347 -0.70067544424710704
59.18760559363142448 -0.59901137040082253
59.31326929977501550 -0.48889142526814094
59.43893300591860651 -0.37205226616627135
59.56459671206219753 -0.25033651643058069
59.69026041820578854 -0.12566370614386529
59.81592412434937955 -0.00000000000027356
59.94158783049297057 0.12467281028645073
60.06725153663656158 0.24638856002215909
60.19291524278015260 0.36322771912405488
60.31857894892374361 0.47334766425677072
60.44424265506733462 0.57501173810309703
60.56990636121092564 0.66661663748730338
60.69557006735451665 0.74671769842398639
60.82123377349810767 0.81405167933212019
60.94689747964169868 0.86755668310941303
61.07256118578528969 0.90638890388395699
61.19822489192888071 0.92993593433689337
61.32388859807247172 0.93782642373166503
61.44955230421606274 0.92993593433696664
61.57521601035965375 0.90638890388410243
61.70087971650324477 0.86755668310962819
61.82654342264683578 0.81405167933240175
61.95220712879042679 0.74671769842432989
62.07787083493401781 0.66661663748770339
62.20353454107760882 0.57501173810354722
62.32919824722119984 0.47334766425726399
62.45486195336479085 0.36322771912458351
62.58052565950838186 0.24638856002271475
62.70618936565197288 0.12467281028702464
