0.00000000000000000 -0.00000000000000000
0.06283185307179587 -0.06276986091706308
0.12566370614359174 -0.12529199786990816
0.18849555921538760 -0.18731966454762977
0.25132741228718347 -0.24860806608759628
0.31415926535897931 -0.30891532516893672
0.37699111843077515 -0.36800343659182294
0.43982297150257099 -0.42563920657525911
0.50265482457436683 -0.48159517306639926
0.56548667764616267 -0.53565050342935228
0.62831853071795851 -0.58759186597070701
0.69115038378975435 -0.63721427186226398
0.75398223686155019 -0.68432188413829009
0.81681408993334603 -0.72872879057455275
0.87964594300514187 -0.77025973739893383
0.94247779607693771 -0.80875082093800221
1.00530964914873366 -0.84405013446993260
1.06814150222052962 -0.87601836773093678
1.13097335529232557 -0.90452935670923018
1.19380520836412152 -0.92947058155674733
1.25663706143591747 -0.95074361065357682
1.31946891450771342 -0.96826448907259599
1.38230076757950937 -0.98196406991121288
1.44513262065130532 -0.99178828718260070
1.50796447372310127 -0.99769836918944721
1.57079632679489722 -0.99967099153813099
1.63362817986669318 -0.99769836918944721
1.69646003293848913 -0.99178828718260070
1.75929188601028508 -0.98196406991121288
1.82212373908208103 -0.96826448907259588
1.88495559215387698 -0.95074361065357671
1.94778744522567293 -0.92947058155674722
2.01061929829746866 -0.90452935670923007
2.07345115136926461 -0.87601836773093666
2.13628300444106056 -0.84405013446993238
2.19911485751285651 -0.80875082093800199
2.26194671058465246 -0.77025973739893361
2.32477856365644842 -0.72872879057455253
2.38761041672824437 -0.68432188413828987
2.45044226980004032 -0.63721427186226376
2.51327412287183627 -0.58759186597070667
2.57610597594363222 -0.53565050342935194
2.63893782901542817 -0.48159517306639882
2.70176968208722412 -0.42563920657525861
2.76460153515902007 -0.36800343659182239
2.82743338823081602 -0.30891532516893616
2.89026524130261198 -0.24860806608759570
2.95309709437440793 -0.18731966454762916
3.01592894744620388 -0.12529199786990755
3.07876080051799983 -0.06276986091706245
3.14159265358979578 0.00000000000000062
3.20442450666159173 0.06276986091706369
3.26725635973338768 0.12529199786990874
3.33008821280518363 0.18731966454763033
3.39292006587697959 0.24860806608759678
3.45575191894877554 0.30891532516893716
3.51858377202057149 0.36800343659182333
3.58141562509236744 0.42563920657525944
3.64424747816416339 0.48159517306639954
3.70707933123595934 0.53565050342935250
3.76991118430775529 0.58759186597070712
3.83274303737955124 0.63721427186226398
3.89557489045134719 0.68432188413828998
3.95840674352314315 0.72872879057455242
4.02123859659493910 0.77025973739893328
4.08407044966673460 0.80875082093800144
4.14690230273853011 0.84405013446993160
4.20973415581032562 0.87601836773093567
4.27256600888212112 0.90452935670922896
4.33539786195391663 0.92947058155674600
4.39822971502571214 0.95074361065357538
4.46106156809750765 0.96826448907259444
4.52389342116930315 0.98196406991121132
4.58672527424109866 0.99178828718259915
4.64955712731289417 0.99769836918944566
4.71238898038468967 0.99967099153812944
4.77522083345648518 0.99769836918944566
4.83805268652828069 0.99178828718259926
4.90088453960007620 0.98196406991121155
4.96371639267187170 0.96826448907259466
5.02654824574366721 0.95074361065357560
5.08938009881546272 0.92947058155674622
5.15221195188725822 0.90452935670922929
5.21504380495905373 0.87601836773093611
5.27787565803084924 0.84405013446993205
5.34070751110264474 0.80875082093800188
5.40353936417444025 0.77025973739893372
5.46637121724623576 0.72872879057455286
5.52920307031803127 0.68432188413829043
5.59203492338982677 0.63721427186226454
5.65486677646162228 0.58759186597070778
5.71769862953341779 0.53565050342935328
5.78053048260521329 0.48159517306640043
5.84336233567700880 0.42563920657526044
5.90619418874880431 0.36800343659182444
5.96902604182059981 0.30891532516893838
6.03185789489239532 0.24860806608759808
6.09468974796419083 0.18731966454763169
6.15752160103598634 0.12529199786991019
6.22035345410778184 0.06276986091706514
6.28318530717957735 0.00000000000000210
6.34601716025137286 -0.06276986091706099
6.40884901332316836 -0.12529199786990614
6.47168086639496387 -0.18731966454762783
6.53451271946675938 -0.24860806608759448
6.59734457253855489 -0.30891532516893511
6.66017642561035039 -0.36800343659182155
6.72300827868214590 -0.42563920657525800
6.78584013175394141 -0.48159517306639849
6.84867198482573691 -0.53565050342935194
6.91150383789753242 -0.58759186597070712
6.97433569096932793 -0.63721427186226465
7.03716754404112343 -0.68432188413829131
7.09999939711291894 -0.72872879057455453
7.16283125018471445 -0.77025973739893616
7.22566310325650996 -0.80875082093800521
7.28849495632830546 -0.84405013446993638
7.35132680940010097 -0.87601836773094144
7.41415866247189648 -0.90452935670923573
7.47699051554369198 -0.92947058155675377
7.53982236861548749 -0.95074361065358415
7.60265422168728300 -0.96826448907260432
7.66548607475907851 -0.98196406991122231
7.72831792783087401 -0.99178828718261125
7.79114978090266952 -0.99769836918945887
7.85398163397446503 -0.99967099153814376
7.91681348704626053 -0.99769836918946109
7.97964534011805604 -0.99178828718261580
8.04247719318985155 -0.98196406991122920
8.10530904626164705 -0.96826448907261342
8.16814089933344256 -0.95074361065359547
8.23097275240523807 -0.92947058155676721
8.29380460547703358 -0.90452935670925128
8.35663645854882908 -0.87601836773095909
8.41946831162062459 -0.84405013446995603
8.48230016469242010 -0.80875082093802675
8.54513201776421560 -0.77025973739895948
8.60796387083601111 -0.72872879057457951
8.67079572390780662 -0.68432188413831785
8.73362757697960213 -0.63721427186229274
8.79645943005139763 -0.58759186597073665
8.85929128312319314 -0.53565050342938281
8.92212313619498865 -0.48159517306643052
8.98495498926678415 -0.42563920657529103
9.04778684233857966 -0.36800343659185547
9.11061869541037517 -0.30891532516896980
9.17345054848217067 -0.24860806608762981
9.23628240155396618 -0.18731966454766366
9.29911425462576169 -0.12529199786994233
9.36194610769755720 -0.06276986091709739
9.42477796076935270 -0.00000000000003438
9.48760981384114821 0.06276986091702876
9.55044166691294372 0.12529199786987399
9.61327351998473922 0.18731966454759585
9.67610537305653473 0.24860806608756275
9.73893722612833024 0.30891532516890369
9.80176907920012574 0.36800343659179052
9.86460093227192125 0.42563920657522747
9.92743278534371676 0.48159517306636851
9.99026463841551227 0.53565050342932252
10.05309649148730777 0.58759186597067825
10.11592834455910328 0.63721427186223645
10.17876019763089879 0.68432188413826389
10.24159205070269429 0.72872879057452788
10.30442390377448980 0.77025973739891040
10.36725575684628531 0.80875082093798034
10.43008760991808082 0.84405013446991239
10.49291946298987632 0.87601836773091835
10.55575131606167183 0.90452935670921364
10.61858316913346734 0.92947058155673268
10.68141502220526284 0.95074361065356416
10.74424687527705835 0.96826448907258544
10.80707872834885386 0.98196406991120455
10.86991058142064936 0.99178828718259460
10.93274243449244487 0.99769836918944332
10.99557428756424038 0.99967099153812933
11.05840614063603589 0.99769836918944788
11.12123799370783139 0.99178828718260370
11.18406984677962690 0.98196406991121821
11.24690169985142241 0.96826448907260354
11.30973355292321791 0.95074361065358670
11.37256540599501342 0.92947058155675943
11.43539725906680893 0.90452935670924450
11.49822911213860444 0.87601836773095332
11.56106096521039994 0.84405013446995125
11.62389281828219545 0.80875082093802297
11.68672467135399096 0.77025973739895659
11.74955652442578646 0.72872879057457740
11.81238837749758197 0.68432188413831652
11.87522023056937748 0.63721427186229207
11.93805208364117298 0.58759186597073665
12.00088393671296849 0.53565050342938336
12.06371578978476400 0.48159517306643163
12.12654764285655951 0.42563920657529264
12.18937949592835501 0.36800343659185752
12.25221134900015052 0.30891532516897224
12.31504320207194603 0.24860806608763258
12.37787505514374153 0.18731966454766669
12.44070690821553704 0.12529199786994552
12.50353876128733255 0.06276986091710068
12.56637061435912806 0.00000000000003771
12.62920246743092356 -0.06276986091702545
12.69203432050271907 -0.12529199786987083
12.75486617357451458 -0.18731966454759288
12.81769802664631008 -0.24860806608756003
12.88052987971810559 -0.30891532516890124
12.94336173278990110 -0.36800343659178847
13.00619358586169660 -0.42563920657522580
13.06902543893349211 -0.48159517306636734
13.13185729200528762 -0.53565050342932197
13.19468914507708313 -0.58759186597067836
13.25752099814887863 -0.63721427186223722
13.32035285122067414 -0.68432188413826534
13.38318470429246965 -0.72872879057453022
13.44601655736426515 -0.77025973739891362
13.50884841043606066 -0.80875082093798445
13.57168026350785617 -0.84405013446991739
13.63451211657965167 -0.87601836773092434
13.69734396965144718 -0.90452935670922063
13.76017582272324269 -0.92947058155674067
13.82300767579503820 -0.95074361065357316
13.88583952886683370 -0.96826448907259544
13.94867138193862921 -0.98196406991121554
14.01150323501042472 -0.99178828718260670
14.07433508808222022 -0.99769836918945654
14.13716694115401573 -0.99967099153814365
14.19999879422581124 -0.99769836918946331
14.26283064729760675 -0.99178828718262024
14.32566250036940225 -0.98196406991123586
14.38849435344119776 -0.96826448907262230
14.45132620651299327 -0.95074361065360646
14.51415805958478877 -0.92947058155678031
14.57698991265658428 -0.90452935670926637
14.63982176572837979 -0.87601836773097619
14.70265361880017529 -0.84405013446997501
14.76548547187197080 -0.80875082093804762
14.82831732494376631 -0.77025973739898213
14.89114917801556182 -0.72872879057460382
14.95398103108735732 -0.68432188413834372
15.01681288415915283 -0.63721427186232005
15.07964473723094834 -0.58759186597076529
15.14247659030274384 -0.53565050342941267
15.20530844337453935 -0.48159517306646155
15.26814029644633486 -0.42563920657532311
15.33097214951813037 -0.36800343659188844
15.39380400258992587 -0.30891532516900355
15.45663585566172138 -0.24860806608766420
15.51946770873351689 -0.18731966454769855
15.58229956180531239 -0.12529199786997755
15.64513141487710790 -0.06276986091713282
15.70796326794890341 -0.00000000000006987
15.77079512102069891 0.06276986091699333
15.83362697409249442 0.12529199786983880
15.89645882716428993 0.18731966454756102
15.95929068023608544 0.24860806608752839
16.02212253330788272 0.30891532516886994
16.08495438637967823 0.36800343659175749
16.14778623945147373 0.42563920657519527
16.21061809252326924 0.48159517306633726
16.27344994559506475 0.53565050342929232
16.33628179866686025 0.58759186597064927
16.39911365173865576 0.63721427186220869
16.46194550481045127 0.68432188413823747
16.52477735788224678 0.72872879057450302
16.58760921095404228 0.77025973739888709
16.65044106402583779 0.80875082093795869
16.71327291709763330 0.84405013446989252
16.77610477016942880 0.87601836773090036
16.83893662324122431 0.90452935670919754
16.90176847631301982 0.92947058155671858
16.96460032938481532 0.95074361065355206
17.02743218245661083 0.96826448907257534
17.09026403552840634 0.98196406991119645
17.15309588860020185 0.99178828718258860
17.21592774167199735 0.99769836918943944
17.27875959474379286 0.99967099153812755
17.34159144781558837 0.99769836918944821
17.40442330088738387 0.99178828718260614
17.46725515395917938 0.98196406991122276
17.53008700703097489 0.96826448907261020
17.59291886010277040 0.95074361065359536
17.65575071317456590 0.92947058155677009
17.71858256624636141 0.90452935670925716
17.78141441931815692 0.87601836773096786
17.84424627238995242 0.84405013446996757
17.90707812546174793 0.80875082093804096
17.96990997853354344 0.77025973739897624
18.03274183160533894 0.72872879057459872
18.09557368467713445 0.68432188413833939
18.15840553774892996 0.63721427186231638
18.22123739082072547 0.58759186597076229
18.28406924389252097 0.53565050342941023
18.34690109696431648 0.48159517306645960
18.40973295003611199 0.42563920657532162
18.47256480310790749 0.36800343659188733
18.53539665617970300 0.30891532516900277
18.59822850925149851 0.24860806608766370
18.66106036232329402 0.18731966454769827
18.72389221539508952 0.12529199786997744
18.78672406846688503 0.06276986091713281
18.84955592153868054 0.00000000000006989
18.91238777461047604 -0.06276986091699334
18.97521962768227155 -0.12529199786983891
19.03805148075406706 -0.18731966454756130
19.10088333382586256 -0.24860806608752889
19.16371518689765807 -0.30891532516887071
19.22654703996945358 -0.36800343659175866
19.28937889304124909 -0.42563920657519688
19.35221074611304459 -0.48159517306633937
19.41504259918484010 -0.53565050342929499
19.47787445225663561 -0.58759186597065260
19.54070630532843111 -0.63721427186221280
19.60353815840022662 -0.68432188413824235
19.66637001147202213 -0.72872879057450868
19.72920186454381763 -0.77025973739889364
19.79203371761561314 -0.80875082093796613
19.85486557068740865 -0.84405013446990085
19.91769742375920416 -0.87601836773090969
19.98052927683099966 -0.90452935670920787
20.04336112990279517 -0.92947058155672990
20.10619298297459068 -0.95074361065356450
20.16902483604638618 -0.96826448907258889
20.23185668911818169 -0.98196406991121110
20.29468854218997720 -0.99178828718260437
20.35752039526177271 -0.99769836918945631
20.42035224833356821 -0.99967099153814554
20.48318410140536372 -0.99769836918946730
20.54601595447715923 -0.99178828718262635
20.60884780754895473 -0.98196406991124408
20.67167966062075024 -0.96826448907263263
20.73451151369254575 -0.95074361065361890
20.79734336676434125 -0.92947058155679474
20.86017521983613676 -0.90452935670928281
20.92300707290793227 -0.87601836773099451
20.98583892597972778 -0.84405013446999522
21.04867077905152328 -0.80875082093806960
21.11150263212331879 -0.77025973739900577
21.17433448519511430 -0.72872879057462914
21.23716633826690980 -0.68432188413837058
21.29999819133870531 -0.63721427186234836
21.36283004441050082 -0.58759186597079494
21.42566189748229633 -0.53565050342944354
21.48849375055409183 -0.48159517306649346
21.55132560362588734 -0.42563920657535598
21.61415745669768285 -0.36800343659192214
21.67698930976947835 -0.30891532516903797
21.73982116284127386 -0.24860806608769920
21.80265301591306937 -0.18731966454773399
21.86548486898486487 -0.12529199787001333
21.92831672205666038 -0.06276986091716881
21.99114857512845589 -0.00000000000010593
22.05398042820025140 0.06276986091695733
22.11681228127204690 0.12529199786980300
22.17964413434384241 0.18731966454752555
22.24247598741563792 0.24860806608749339
22.30530784048743342 0.30891532516883552
22.36813969355922893 0.36800343659172385
22.43097154663102444 0.42563920657516252
22.49380339970281995 0.48159517306630550
22.55663525277461545 0.53565050342926179
22.61946710584641096 0.58759186597062008
22.68229895891820647 0.63721427186218094
22.74513081199000197 0.68432188413821127
22.80796266506179748 0.72872879057447837
22.87079451813359299 0.77025973739886422
22.93362637120538849 0.80875082093793760
22.99645822427718400 0.84405013446987331
23.05929007734897951 0.87601836773088304
23.12212193042077502 0.90452935670918222
23.18495378349257052 0.92947058155670526
23.24778563656436603 0.95074361065354085
23.31061748963616154 0.96826448907256624
23.37344934270795704 0.98196406991118956
23.43628119577975255 0.99178828718258394
23.49911304885154806 0.99769836918943700
23.56194490192334356 0.99967099153812744
23.62477675499513907 0.99769836918945032
23.68760860806693458 0.99178828718261047
23.75044046113873009 0.98196406991122931
23.81327231421052559 0.96826448907261897
23.87610416728232110 0.95074361065360624
23.93893602035411661 0.92947058155678319
24.00176787342591211 0.90452935670927226
24.06459972649770762 0.87601836773098496
24.12743157956950313 0.84405013446998667
24.19026343264129864 0.80875082093806194
24.25309528571309414 0.77025973739899900
24.31592713878488965 0.72872879057462314
24.37875899185668516 0.68432188413836537
24.44159084492848066 0.63721427186234381
24.50442269800027617 0.58759186597079105
24.56725455107207168 0.53565050342944032
24.63008640414386718 0.48159517306649086
24.69291825721566269 0.42563920657535387
24.75575011028745820 0.36800343659192047
24.81858196335925371 0.30891532516903664
24.88141381643104921 0.24860806608769820
24.94424566950284472 0.18731966454773324
25.00707752257464023 0.12529199787001277
25.06990937564643573 0.06276986091716835
25.13274122871823124 0.00000000000010551
25.19557308179002675 -0.06276986091695778
25.25840493486182226 -0.12529199786980355
25.32123678793361776 -0.18731966454752630
25.38406864100541327 -0.24860806608749439
25.44690049407720878 -0.30891532516883685
25.50973234714900428 -0.36800343659172552
25.57256420022079979 -0.42563920657516463
25.63539605329259530 -0.48159517306630817
25.69822790636439080 -0.53565050342926501
25.76105975943618631 -0.58759186597062385
25.82389161250798182 -0.63721427186218538
25.88672346557977733 -0.68432188413821637
25.94955531865157283 -0.72872879057448436
26.01238717172336834 -0.77025973739887099
26.07521902479516385 -0.80875082093794526
26.13805087786695935 -0.84405013446988186
26.20088273093875486 -0.87601836773089259
26.26371458401055037 -0.90452935670919277
26.32654643708234588 -0.92947058155671691
26.38937829015414138 -0.95074361065355362
26.45221014322593689 -0.96826448907258011
26.51504199629773240 -0.98196406991120455
26.57787384936952790 -0.99178828718260004
26.64070570244132341 -0.99769836918945420
26.70353755551311892 -0.99967099153814576
26.76636940858491442 -0.99769836918946975
26.82920126165670993 -0.99178828718263101
26.89203311472850544 -0.98196406991125096
26.95486496780030095 -0.96826448907264173
27.01769682087209645 -0.95074361065363011
27.08052867394389196 -0.92947058155680806
27.14336052701568747 -0.90452935670929824
27.20619238008748297 -0.87601836773101194
27.26902423315927848 -0.84405013447001453
27.33185608623107399 -0.80875082093809081
27.39468793930286949 -0.77025973739902875
27.45751979237466500 -0.72872879057465378
27.52035164544646051 -0.68432188413839679
27.58318349851825602 -0.63721427186237600
27.64601535159005152 -0.58759186597082402
27.70884720466184703 -0.53565050342947385
27.77167905773364254 -0.48159517306652494
27.83451091080543804 -0.42563920657538845
27.89734276387723355 -0.36800343659195550
27.96017461694902906 -0.30891532516907205
28.02300647002082457 -0.24860806608773392
28.08583832309262007 -0.18731966454776922
28.14867017616441558 -0.12529199787004891
28.21150202923621109 -0.06276986091720460
28.27433388230800659 -0.00000000000014179
28.33716573537980210 0.06276986091692154
28.39999758845159761 0.12529199786976741
28.46282944152339311 0.18731966454749033
28.52566129459518862 0.24860806608745867
28.58849314766698413 0.30891532516880144
28.65132500073877964 0.36800343659169049
28.71415685381057514 0.42563920657513005
28.77698870688237065 0.48159517306627408
28.83982055995416616 0.53565050342923148
28.90265241302596166 0.58759186597059099
28.96548426609775717 0.63721427186215318
29.02831611916955268 0.68432188413818495
29.09114797224134819 0.72872879057445372
29.15397982531314369 0.77025973739884124
29.21681167838493920 0.80875082093791639
29.27964353145673471 0.84405013446985389
29.34247538452853021 0.87601836773086561
29.40530723760032572 0.90452935670916679
29.46813909067212123 0.92947058155669193
29.53097094374391673 0.95074361065352964
29.59380279681571224 0.96826448907255724
29.65663464988750775 0.98196406991118279
29.71946650295930326 0.99178828718257939
29.78229835603109876 0.99769836918943466
29.84513020910289427 0.99967099153812733
29.90796206217468978 0.99769836918945243
29.97079391524648528 0.99178828718261480
30.03362576831828079 0.98196406991123586
30.09645762139007630 0.96826448907262763
30.15928947446187181 0.95074361065361712
30.22212132753366731 0.92947058155679618
30.28495318060546282 0.90452935670928736
30.34778503367725833 0.87601836773100206
30.41061688674905383 0.84405013447000565
30.47344873982084934 0.80875082093808282
30.53628059289264485 0.77025973739902165
30.59911244596444035 0.72872879057464746
30.66194429903623586 0.68432188413839135
30.72477615210803137 0.63721427186237134
30.78760800517982688 0.58759186597082003
30.85043985825162238 0.53565050342947051
30.91327171132341789 0.48159517306652216
30.97610356439521340 0.42563920657538623
31.03893541746700890 0.36800343659195373
31.10176727053880441 0.30891532516907066
31.16459912361059992 0.24860806608773284
31.22743097668239542 0.18731966454776838
31.29026282975419093 0.12529199787004824
31.35309468282598644 0.06276986091720403
31.41592653589778195 0.00000000000014126
31.47875838896957745 -0.06276986091692210
31.54159024204137296 -0.12529199786976808
31.60442209511316847 -0.18731966454749116
31.66725394818496397 -0.24860806608745975
31.73008580125675948 -0.30891532516880282
31.79291765432855499 -0.36800343659169227
31.85574950740035050 -0.42563920657513227
31.91858136047214600 -0.48159517306627680
31.98141321354394151 -0.53565050342923470
32.04424506661573702 -0.58759186597059487
32.10707691968753608 -0.63721427186215773
32.16990877275933514 -0.68432188413819006
32.23274062583113420 -0.72872879057445916
32.29557247890293326 -0.77025973739884690
32.35840433197473232 -0.80875082093792217
32.42123618504653138 -0.84405013446985966
32.48406803811833043 -0.87601836773087105
32.54689989119012949 -0.90452935670917167
32.60973174426192855 -0.92947058155669615
32.67256359733372761 -0.95074361065353297
32.73539545040552667 -0.96826448907255935
32.79822730347732573 -0.98196406991118346
32.86105915654912479 -0.99178828718257839
32.92389100962092385 -0.99769836918943178
32.98672286269272291 -0.99967099153812233
33.04955471576452197 -0.99769836918944510
33.11238656883632103 -0.99178828718260492
33.17521842190812009 -0.98196406991122320
33.23805027497991915 -0.96826448907261209
33.30088212805171821 -0.95074361065359847
33.36371398112351727 -0.92947058155677420
33.42654583419531633 -0.90452935670926204
33.48937768726711539 -0.87601836773097330
33.55220954033891445 -0.84405013446997335
33.61504139341071351 -0.80875082093804695
33.67787324648251257 -0.77025973739898224
33.74070509955431163 -0.72872879057460449
33.80353695262611069 -0.68432188413834483
33.86636880569790975 -0.63721427186232138
33.92920065876970881 -0.58759186597076674
33.99203251184150787 -0.53565050342941400
34.05486436491330693 -0.48159517306646266
34.11769621798510599 -0.42563920657532395
34.18052807105690505 -0.36800343659188894
34.24335992412870411 -0.30891532516900366
34.30619177720050317 -0.24860806608766395
34.36902363027230223 -0.18731966454769794
34.43185548334410129 -0.12529199786997669
34.49468733641590035 -0.06276986091713178
34.55751918948769941 -0.00000000000006878
34.62035104255949847 0.06276986091699434
34.68318289563129753 0.12529199786983955
34.74601474870309659 0.18731966454756133
34.80884660177489565 0.24860806608752803
34.87167845484669471 0.30891532516886866
34.93451030791849377 0.36800343659175505
34.99734216099029283 0.42563920657519139
35.06017401406209189 0.48159517306633159
35.12300586713389094 0.53565050342928466
35.18583772020569000 0.58759186597063917
35.24866957327748906 0.63721427186219581
35.31150142634928812 0.68432188413822148
35.37433327942108718 0.72872879057448348
35.43716513249288624 0.77025973739886366
35.49999698556468530 0.80875082093793105
35.56282883863648436 0.84405013446986021
35.62566069170828342 0.87601836773086295
35.68849254478008248 0.90452935670915469
35.75132439785188154 0.92947058155666995
35.81415625092368060 0.95074361065349733
35.87698810399547966 0.96826448907251417
35.93981995706727872 0.98196406991112850
36.00265181013907778 0.99178828718251344
36.06548366321087684 0.99769836918935684
36.12831551628267590 0.99967099153803729
36.19114736935447496 0.99769836918935006
36.25397922242627402 0.99178828718249989
36.31681107549807308 0.98196406991110829
36.37964292856987214 0.96826448907248741
36.44247478164167120 0.95074361065346413
36.50530663471347026 0.92947058155663043
36.56813848778526932 0.90452935670910906
36.63097034085706838 0.87601836773081132
36.69380219392886744 0.84405013446980270
36.75663404700066650 0.80875082093786799
36.81946590007246556 0.77025973739879527
36.88229775314426462 0.72872879057440998
36.94512960621606368 0.68432188413814321
37.00796145928786274 0.63721427186211310
37.07079331235966180 0.58759186597055224
37.13362516543146086 0.53565050342919385
37.19645701850325992 0.48159517306623739
37.25928887157505898 0.42563920657509408
37.32212072464685804 0.36800343659165508
37.38495257771865710 0.30891532516876641
37.44778443079045616 0.24860806608742389
37.51061628386225522 0.18731966454745572
37.57344813693405428 0.12529199786973289
37.63627999000585334 0.06276986091688704
37.69911184307765240 -0.00000000000017629
37.76194369614945145 -0.06276986091723909
37.82477554922125051 -0.12529199787008338
37.88760740229304957 -0.18731966454780358
37.95043925536484863 -0.24860806608776809
38.01327110843664769 -0.30891532516910591
38.07610296150844675 -0.36800343659198892
38.13893481458024581 -0.42563920657542126
38.20176666765204487 -0.48159517306655691
38.26459852072384393 -0.53565050342950482
38.32743037379564299 -0.58759186597085378
38.39026222686744205 -0.63721427186240431
38.45309407993924111 -0.68432188413842332
38.51592593301104017 -0.72872879057467821
38.57875778608283923 -0.77025973739905096
38.64158963915463829 -0.80875082093811035
38.70442149222643735 -0.84405013447003119
38.76725334529823641 -0.87601836773102537
38.83008519837003547 -0.90452935670930812
38.89291705144183453 -0.92947058155681417
38.95574890451363359 -0.95074361065363211
39.01858075758543265 -0.96826448907263929
39.08141261065723171 -0.98196406991124385
39.14424446372903077 -0.99178828718261891
39.20707631680082983 -0.99769836918945232
39.26990816987262889 -0.99967099153812278
39.33274002294442795 -0.99769836918942556
39.39557187601622701 -0.99178828718256540
39.45840372908802607 -0.98196406991116381
39.52123558215982513 -0.96826448907253315
39.58406743523162419 -0.95074361065350022
39.64689928830342325 -0.92947058155665707
39.70973114137522231 -0.90452935670912649
39.77256299444702137 -0.87601836773081976
39.83539484751882043 -0.84405013446980259
39.89822670059061949 -0.80875082093785955
39.96105855366241855 -0.77025973739877895
40.02389040673421761 -0.72872879057438611
40.08672225980601667 -0.68432188413811224
40.14955411287781573 -0.63721427186207547
40.21238596594961479 -0.58759186597050850
40.27521781902141385 -0.53565050342914455
40.33804967209321291 -0.48159517306618299
40.40088152516501196 -0.42563920657503512
40.46371337823681102 -0.36800343659159213
40.52654523130861008 -0.30891532516870007
40.58937708438040914 -0.24860806608735475
40.65220893745220820 -0.18731966454738438
40.71504079052400726 -0.12529199786966000
40.77787264359580632 -0.06276986091681321
40.84070449666760538 0.00000000000025044
40.90353634973940444 0.06276986091731293
40.96636820281120350 0.12529199787015627
41.02920005588300256 0.18731966454787491
41.09203190895480162 0.24860806608783725
41.15486376202660068 0.30891532516917231
41.21769561509839974 0.36800343659205192
41.28052746817019880 0.42563920657548027
41.34335932124199786 0.48159517306661137
41.40619117431379692 0.53565050342955411
41.46902302738559598 0.58759186597089741
41.53185488045739504 0.63721427186244184
41.59468673352919410 0.68432188413845418
41.65751858660099316 0.72872879057470197
41.72035043967279222 0.77025973739906717
41.78318229274459128 0.80875082093811868
41.84601414581639034 0.84405013447003119
41.90884599888818940 0.87601836773101671
41.97167785195998846 0.90452935670929058
42.03450970503178752 0.92947058155678741
42.09734155810358658 0.95074361065359592
42.16017341117538564 0.96826448907259344
42.22300526424718470 0.98196406991118823
42.28583711731898376 0.99178828718255341
42.34866897039078282 0.99769836918937682
42.41150082346258188 0.99967099153803729
42.47433267653438094 0.99769836918932997
42.53716452960618000 0.99178828718245982
42.59999638267797906 0.98196406991104834
42.66282823574977812 0.96826448907240781
42.72566008882157718 0.95074361065336532
42.78849194189337624 0.92947058155651274
42.85132379496517530 0.90452935670897294
42.91415564803697436 0.87601836773065733
42.97698750110877342 0.84405013446963151
43.03981935418057247 0.80875082093768014
43.10265120725237153 0.77025973739859155
43.16548306032417059 0.72872879057419127
43.22831491339596965 0.68432188413791029
43.29114676646776871 0.63721427186186685
43.35397861953956777 0.58759186597029367
43.41681047261136683 0.53565050342892406
43.47964232568316589 0.48159517306595739
43.54247417875496495 0.42563920657480497
43.60530603182676401 0.36800343659135804
43.66813788489856307 0.30891532516846254
43.73096973797036213 0.24860806608711442
43.79380159104216119 0.18731966454714186
43.85663344411396025 0.12529199786941589
43.91946529718575931 0.06276986091656815
43.98229715025755837 -0.00000000000049581
44.04512900332935743 -0.06276986091755798
44.10796085640115649 -0.12529199787040035
44.17079270947295555 -0.18731966454811741
44.23362456254475461 -0.24860806608807756
44.29645641561655367 -0.30891532516940978
44.35928826868835273 -0.36800343659228596
44.42212012176015179 -0.42563920657571030
44.48495197483195085 -0.48159517306683686
44.54778382790374991 -0.53565050342977449
44.61061568097554897 -0.58759186597111213
44.67344753404734803 -0.63721427186265034
44.73627938711914709 -0.68432188413865613
44.79911124019094615 -0.72872879057489692
44.86194309326274521 -0.77025973739925457
44.92477494633454427 -0.80875082093829820
44.98760679940634333 -0.84405013447020250
45.05043865247814239 -0.87601836773117936
45.11327050554994145 -0.90452935670944423
45.17610235862174051 -0.92947058155693185
45.23893421169353957 -0.95074361065373092
45.30176606476533863 -0.96826448907271878
45.36459791783713769 -0.98196406991130369
45.42742977090893675 -0.99178828718265899
45.49026162398073581 -0.99769836918947241
45.55309347705253487 -0.99967099153812289
45.61592533012433393 -0.99769836918940558
45.67875718319613298 -0.99178828718252543
45.74158903626793204 -0.98196406991110408
45.80442088933973110 -0.96826448907245377
45.86725274241153016 -0.95074361065340163
45.93008459548332922 -0.92947058155653961
45.99291644855512828 -0.90452935670899060
46.05574830162692734 -0.87601836773066599
46.11858015469872640 -0.84405013446963151
46.18141200777052546 -0.80875082093767192
46.24424386084232452 -0.77025973739857545
46.30707571391412358 -0.72872879057416762
46.36990756698592264 -0.68432188413787953
46.43273942005772170 -0.63721427186182955
46.49557127312952076 -0.58759186597025026
46.55840312620131982 -0.53565050342887499
46.62123497927311888 -0.48159517306590321
46.68406683234491794 -0.42563920657474624
46.74689868541671700 -0.36800343659129531
46.80973053848851606 -0.30891532516839643
46.87256239156031512 -0.24860806608704553
46.93539424463211418 -0.18731966454707077
46.99822609770391324 -0.12529199786934325
47.06105795077571230 -0.06276986091649457
47.12388980384751136 0.00000000000056971
47.18672165691931042 0.06276986091763156
47.24955350999110948 0.12529199787047302
47.31238536306290854 0.18731966454818852
47.37521721613470760 0.24860806608814648
47.43804906920650666 0.30891532516947590
47.50088092227830572 0.36800343659234869
47.56371277535010478 0.42563920657576904
47.62654462842190384 0.48159517306689104
47.68937648149370290 0.53565050342982357
47.75220833456550196 0.58759186597115554
47.81504018763730102 0.63721427186268764
47.87787204070910008 0.68432188413868678
47.94070389378089914 0.72872879057492046
48.00353574685269820 0.77025973739927056
48.06636759992449726 0.80875082093830619
48.12919945299629632 0.84405013447020216
48.19203130606809538 0.87601836773117037
48.25486315913989444 0.90452935670942636
48.31769501221169349 0.92947058155690476
48.38052686528349255 0.95074361065369439
48.44335871835529161 0.96826448907267260
48.50619057142709067 0.98196406991124774
48.56902242449888973 0.99178828718259304
48.63185427757068879 0.99769836918939658
48.69468613064248785 0.99967099153803696
48.75751798371428691 0.99769836918930965
48.82034983678608597 0.99178828718241951
48.88318168985788503 0.98196406991098828
48.94601354292968409 0.96826448907232820
49.00884539600148315 0.95074361065326640
49.07167724907328221 0.92947058155639495
49.13450910214508127 0.90452935670883672
49.19734095521688033 0.87601836773050323
49.26017280828867939 0.84405013446946009
49.32300466136047845 0.80875082093749218
49.38583651443227751 0.77025973739838782
49.44866836750407657 0.72872879057397244
49.51150022057587563 0.68432188413767725
49.57433207364767469 0.63721427186162061
49.63716392671947375 0.58759186597003521
49.69999577979127281 0.53565050342865428
49.76282763286307187 0.48159517306567740
49.82565948593487093 0.42563920657451587
49.88849133900666999 0.36800343659106094
49.95132319207846905 0.30891532516815867
50.01415504515026811 0.24860806608680497
50.07698689822206717 0.18731966454682802
50.13981875129386623 0.12529199786909892
50.20265060436566529 0.06276986091624930
50.26548245743746435 -0.00000000000081529
50.32831431050926341 -0.06276986091787684
50.39114616358106247 -0.12529199787071732
50.45397801665286153 -0.18731966454843124
50.51680986972466059 -0.24860806608838701
50.57964172279645965 -0.30891532516971365
50.64247357586825871 -0.36800343659258306
50.70530542894005777 -0.42563920657599946
50.76813728201185683 -0.48159517306711691
50.83096913508365589 -0.53565050343004439
50.89380098815545495 -0.58759186597137081
50.95663284122725400 -0.63721427186289681
51.01946469429905306 -0.68432188413888928
51.08229654737085212 -0.72872879057511586
51.14512840044265118 -0.77025973739945841
51.20796025351445024 -0.80875082093848616
51.27079210658624930 -0.84405013447037380
51.33362395965804836 -0.87601836773133335
51.39645581272984742 -0.90452935670958035
51.45928766580164648 -0.92947058155704954
51.52211951887344554 -0.95074361065382962
51.58495137194524460 -0.96826448907279827
51.64778322501704366 -0.98196406991136365
51.71061507808884272 -0.99178828718269907
51.77344693116064178 -0.99769836918949262
51.83627878423244084 -0.99967099153812300
51.89911063730423990 -0.99769836918938559
51.96194249037603896 -0.99178828718248546
52.02477434344783802 -0.98196406991104424
52.08760619651963708 -0.96826448907237439
52.15043804959143614 -0.95074361065330293
52.21326990266323520 -0.92947058155642204
52.27610175573503426 -0.90452935670885459
52.33893360880683332 -0.87601836773051212
52.40176546187863238 -0.84405013446946042
52.46459731495043144 -0.80875082093748418
52.52742916802223050 -0.77025973739837184
52.59026102109402956 -0.72872879057394890
52.65309287416582862 -0.68432188413764661
52.71592472723762768 -0.63721427186158330
52.77875658030942674 -0.58759186596999169
52.84158843338122580 -0.53565050342860521
52.90442028645302486 -0.48159517306562322
52.96725213952482392 -0.42563920657445714
53.03008399259662298 -0.36800343659099821
53.09291584566842204 -0.30891532516809256
53.15574769874022110 -0.24860806608673605
53.21857955181202016 -0.18731966454675691
53.28141140488381922 -0.12529199786902623
53.34424325795561828 -0.06276986091617566
53.40707511102741734 0.00000000000088925
53.46990696409921640 0.06276986091795048
53.53273881717101546 0.12529199787079004
53.59557067024281451 0.18731966454850241
53.65840252331461357 0.24860806608845598
53.72123437638641263 0.30891532516977982
53.78406622945821169 0.36800343659264584
53.84689808253001075 0.42563920657605825
53.90972993560180981 0.48159517306717115
53.97256178867360887 0.53565050343009357
54.03539364174540793 0.58759186597141433
54.09822549481720699 0.63721427186293411
54.16105734788900605 0.68432188413891992
54.22388920096080511 0.72872879057513940
54.28672105403260417 0.77025973739947451
54.34955290710440323 0.80875082093849426
54.41238476017620229 0.84405013447037358
54.47521661324800135 0.87601836773132458
54.53804846631980041 0.90452935670956269
54.60088031939159947 0.92947058155702267
54.66371217246339853 0.95074361065379331
54.72654402553519759 0.96826448907275231
54.78937587860699665 0.98196406991130791
54.85220773167879571 0.99178828718263345
54.91503958475059477 0.99769836918941701
54.97787143782239383 0.99967099153803740
55.04070329089419289 0.99769836918929000
55.10353514396599195 0.99178828718237988
55.16636699703779101 0.98196406991092877
55.22919885010959007 0.96826448907224916
55.29203070318138913 0.95074361065316815
55.35486255625318819 0.92947058155627782
55.41769440932498725 0.90452935670870116
55.48052626239678631 0.87601836773034980
55.54335811546858537 0.84405013446928945
55.60618996854038443 0.80875082093730488
55.66902182161218349 0.77025973739818465
55.73185367468398255 0.72872879057375428
55.79468552775578161 0.68432188413744488
55.85751738082758067 0.63721427186137491
55.92034923389937973 0.58759186596977719
55.98318108697117879 0.53565050342838505
56.04601294004297785 0.48159517306539795
56.10884479311477691 0.42563920657422732
56.17167664618657597 0.36800343659076440
56.23450849925837502 0.30891532516785536
56.29734035233017408 0.24860806608649605
56.36017220540197314 0.18731966454651475
56.42300405847377220 0.12529199786878251
56.48583591154557126 0.06276986091593099
56.54866776461737032 -0.00000000000113423
56.61149961768916938 -0.06276986091819514
56.67433147076096844 -0.12529199787103373
56.73716332383276750 -0.18731966454874452
56.79999517690456656 -0.24860806608869590
56.86282702997636562 -0.30891532517001696
56.92565888304816468 -0.36800343659287960
56.98849073611996374 -0.42563920657628801
57.05132258919176280 -0.48159517306739635
57.11415444226356186 -0.53565050343031362
57.17698629533536092 -0.58759186597162871
57.23981814840715998 -0.63721427186314239
57.30265000147895904 -0.68432188413912165
57.36548185455075810 -0.72872879057533402
57.42831370762255716 -0.77025973739966158
57.49114556069435622 -0.80875082093867345
57.55397741376615528 -0.84405013447054456
57.61680926683795434 -0.87601836773148689
57.67964111990975340 -0.90452935670971601
57.74247297298155246 -0.92947058155716678
57.80530482605335152 -0.95074361065392798
57.86813667912515058 -0.96826448907287732
57.93096853219694964 -0.98196406991142315
57.99380038526874870 -0.99178828718273881
58.05663223834054776 -0.99769836918951238
58.11946409141234682 -0.99967099153812267
58.18229594448414588 -0.99769836918936528
58.24512779755594494 -0.99178828718244516
58.30795965062774400 -0.98196406991098417
58.37079150369954306 -0.96826448907229468
58.43362335677134212 -0.95074361065320401
58.49645520984314118 -0.92947058155630424
58.55928706291494024 -0.90452935670871837
58.62211891598673930 -0.87601836773035802
58.68495076905853836 -0.84405013446928900
58.74778262213033742 -0.80875082093729622
58.81061447520213648 -0.77025973739816800
58.87344632827393553 -0.72872879057373008
58.93627818134573459 -0.68432188413741368
58.99911003441753365 -0.63721427186133717
59.06194188748933271 -0.58759186596973334
59.12477374056113177 -0.53565050342833553
59.18760559363293083 -0.48159517306534333
59.25043744670472989 -0.42563920657416815
59.31326929977652895 -0.36800343659070128
59.37610115284832801 -0.30891532516778880
59.43893300592012707 -0.24860806608642669
59.50176485899192613 -0.18731966454644319
59.56459671206372519 -0.12529199786870937
59.62742856513552425 -0.06276986091585691
59.69026041820732331 0.00000000000120862
59.75309227127912237 0.06276986091826921
59.81592412435092143 0.12529199787110687
59.87875597742272049 0.18731966454881610
59.94158783049451955 0.24860806608876529
60.00441968356631861 0.30891532517008352
60.06725153663811767 0.36800343659294271
60.13008338970991673 0.42563920657634713
60.19291524278171579 0.48159517306745092
60.25574709585351485 0.53565050343036313
60.31857894892531391 0.58759186597167257
60.38141080199711297 0.63721427186318003
60.44424265506891203 0.68432188413915263
60.50707450814071109 0.72872879057535789
60.56990636121251015 0.77025973739967790
60.63273821428430921 0.80875082093868189
60.69557006735610827 0.84405013447054467
60.75840192042790733 0.87601836773147834
60.82123377349970639 0.90452935670969858
60.88406562657150545 0.92947058155714013
60.94689747964330451 0.95074361065389190
61.00972933271510357 0.96826448907283158
61.07256118578690263 0.98196406991136753
61.13539303885870169 0.99178828718267320
61.19822489193050075 0.99769836918943677
61.26105674500229981 0.99967099153803707
61.32388859807409887 0.99769836918926957
61.38672045114589793 0.99178828718233958
61.44955230421769699 0.98196406991086871
61.51238415728949604 0.96826448907216944
61.57521601036129510 0.95074361065306912
61.63804786343309416 0.92947058155615991
61.70087971650489322 0.90452935670856482
61.76371156957669228 0.87601836773019559
61.82654342264849134 0.84405013446911792
61.88937527572029040 0.80875082093711681
61.95220712879208946 0.77025973739798070
62.01503898186388852 0.72872879057353523
62.07787083493568758 0.68432188413721173
62.14070268800748664 0.63721427186112856
62.20353454107928570 0.58759186596951851
62.26636639415108476 0.53565050342811504
62.32919824722288382 0.48159517306511773
62.39203010029468288 0.42563920657393800
62.45486195336648194 0.36800343659046714
62.51769380643828100 0.30891532516755127
62.58052565951008006 0.24860806608618635
62.64335751258187912 0.18731966454620066
62.70618936565367818 0.12529199786846529
62.76902121872547724 0.06276986091561187
