0.00000000000000000 -0.00000000000000000
0.06283185307179587 -0.06279051952931330
0.12566370614359174 -0.12533323356430409
0.18849555921538760 -0.18738131460671137
0.25132741228718347 -0.24868988720657828
0.31415926535897931 -0.30901699443707575
0.37699111843077515 -0.36812455276679862
0.43982297150257099 -0.42577929166669426
0.50265482457436683 -0.48175367422226933
0.56548667764616267 -0.53582679511784026
0.62831853071795851 -0.58778525244889090
0.69115038378975435 -0.63742398992189697
0.75398223686155019 -0.68454710611783465
0.81681408993334603 -0.72896862762558245
0.87964594300514187 -0.77051324299401225
0.94247779607693771 -0.80901699460619392
1.00530964914873366 -0.84432792574520510
1.06814150222052962 -0.87630668029786996
1.13097335529232557 -0.90482705272967257
1.19380520836412152 -0.92977648616034314
1.25663706143591747 -0.95105651657444312
1.31946891450771342 -0.96858316141384881
1.38230076757950937 -0.98228725101854164
1.44513262065130532 -0.99211470160765469
1.50796447372310127 -0.99802672872344789
1.57079632679489722 -1.00000000029584379
1.63362817986669318 -0.99802672872344789
1.69646003293848913 -0.99211470160765447
1.75929188601028508 -0.98228725101854120
1.82212373908208103 -0.96858316141384826
1.88495559215387698 -0.95105651657444246
1.94778744522567293 -0.92977648616034259
2.01061929829746866 -0.90482705272967179
2.07345115136926461 -0.87630668029786918
2.13628300444106056 -0.84432792574520432
2.19911485751285651 -0.80901699460619303
2.26194671058465246 -0.77051324299401125
2.32477856365644842 -0.72896862762558168
2.38761041672824437 -0.68454710611783376
2.45044226980004032 -0.63742398992189619
2.51327412287183627 -0.58778525244889002
2.57610597594363222 -0.53582679511783926
2.63893782901542817 -0.48175367422226839
2.70176968208722412 -0.42577929166669320
2.76460153515902007 -0.36812455276679756
2.82743338823081602 -0.30901699443707464
2.89026524130261198 -0.24868988720657723
2.95309709437440793 -0.18738131460671023
3.01592894744620388 -0.12533323356430295
3.07876080051799983 -0.06279051950815788
3.14159265358979578 0.00000000002115544
3.20442450666159173 0.06279051955046874
3.26725635973338768 0.12533323358545956
3.33008821280518363 0.18738131462786686
3.39292006587697959 0.24868988722773375
3.45575191894877554 0.30901699445823116
3.51858377202057149 0.36812455278795397
3.58141562509236744 0.42577929168784956
3.64424747816416339 0.48175367424342469
3.70707933123595934 0.53582679513899556
3.76991118430775529 0.58778525247004620
3.83274303737955124 0.63742398994305216
3.89557489045134719 0.68454710613898972
3.95840674352314315 0.72896862764673742
4.02123859659493910 0.77051324301516677
4.08407044966673460 0.80901699462734833
4.14690230273853011 0.84432792576635929
4.20973415581032562 0.87630668031902392
4.27256600888212112 0.90482705275082620
4.33539786195391663 0.92977648618149678
4.39822971502571214 0.95105651659559653
4.46106156809750765 0.96858316143500212
4.52389342116930315 0.98228725103969472
4.58672527424109866 0.99211470162880777
4.64955712731289417 0.99802672874460097
4.71238898038468967 1.00000000031699687
4.77522083345648518 0.99802672874460097
4.83805268652828069 0.99211470162880766
4.90088453960007620 0.98228725103969461
4.96371639267187170 0.96858316143500178
5.02654824574366721 0.95105651659559620
5.08938009881546272 0.92977648618149655
5.15221195188725822 0.90482705275082609
5.21504380495905373 0.87630668031902381
5.27787565803084924 0.84432792576635918
5.34070751110264474 0.80901699462734811
5.40353936417444025 0.77051324301516688
5.46637121724623576 0.72896862764673753
5.52920307031803127 0.68454710613898984
5.59203492338982677 0.63742398994305238
5.65486677646162228 0.58778525247004654
5.71769862953341779 0.53582679513899600
5.78053048260521329 0.48175367424342536
5.84336233567700880 0.42577929168785045
5.90619418874880431 0.36812455278795497
5.96902604182059981 0.30901699445823227
6.03185789489239532 0.24868988722773497
6.09468974796419083 0.18738131462786817
6.15752160103598634 0.12533323358546095
6.22035345410778184 0.06279051952931593
6.28318530717957735 0.00000000000000263
6.34601716025137286 -0.06279051952931070
6.40884901332316836 -0.12533323356430157
6.47168086639496387 -0.18738131460670893
6.53451271946675938 -0.24868988720657598
6.59734457253855489 -0.30901699443707364
6.66017642561035039 -0.36812455276679679
6.72300827868214590 -0.42577929166669271
6.78584013175394141 -0.48175367422226817
6.84867198482573691 -0.53582679511783948
6.91150383789753242 -0.58778525244889068
6.97433569096932793 -0.63742398992189730
7.03716754404112343 -0.68454710611783576
7.09999939711291894 -0.72896862762558401
7.16283125018471445 -0.77051324299401414
7.22566310325650996 -0.80901699460619647
7.28849495632830546 -0.84432792574520832
7.35132680940010097 -0.87630668029787395
7.41415866247189648 -0.90482705272967745
7.47699051554369198 -0.92977648616034902
7.53982236861548749 -0.95105651657444989
7.60265422168728300 -0.96858316141385659
7.66548607475907851 -0.98228725101855041
7.72831792783087401 -0.99211470160766457
7.79114978090266952 -0.99802672872345899
7.85398163397446503 -1.00000000029585601
7.91681348704626053 -0.99802672872346132
7.97964534011805604 -0.99211470160766901
8.04247719318985155 -0.98228725101855707
8.10530904626164705 -0.96858316141386536
8.16814089933344256 -0.95105651657446066
8.23097275240523807 -0.92977648616036201
8.29380460547703358 -0.90482705272969233
8.35663645854882908 -0.87630668029789049
8.41946831162062459 -0.84432792574522653
8.48230016469242010 -0.80901699460621646
8.54513201776421560 -0.77051324299403579
8.60796387083601111 -0.72896862762560721
8.67079572390780662 -0.68454710611786029
8.73362757697960213 -0.63742398992192351
8.79645943005139763 -0.58778525244891799
8.85929128312319314 -0.53582679511786802
8.92212313619498865 -0.48175367422229787
8.98495498926678415 -0.42577929166672335
9.04778684233857966 -0.36812455276682832
9.11061869541037517 -0.30901699443710590
9.17345054848217067 -0.24868988720660890
9.23628240155396618 -0.18738131460674234
9.29911425462576169 -0.12533323356433534
9.36194610769755720 -0.06279051950819044
9.42477796076935270 0.00000000002112283
9.48760981384114821 0.06279051955043624
9.55044166691294372 0.12533323358542722
9.61327351998473922 0.18738131462783475
9.67610537305653473 0.24868988722770202
9.73893722612833024 0.30901699445819986
9.80176907920012574 0.36812455278792333
9.86460093227192125 0.42577929168781958
9.92743278534371676 0.48175367424339560
9.99026463841551227 0.53582679513896725
10.05309649148730777 0.58778525247001900
10.11592834455910328 0.63742398994302629
10.17876019763089879 0.68454710613896519
10.24159205070269429 0.72896862764671422
10.30442390377448980 0.77051324301514512
10.36725575684628531 0.80901699462732801
10.43008760991808082 0.84432792576634075
10.49291946298987632 0.87630668031900727
10.55575131606167183 0.90482705275081154
10.61858316913346734 0.92977648618148390
10.68141502220526284 0.95105651659558565
10.74424687527705835 0.96858316143499312
10.80707872834885386 0.98228725103968795
10.86991058142064936 0.99211470162880300
10.93274243449244487 0.99802672874459852
10.99557428756424038 1.00000000031699643
11.05840614063603589 0.99802672874460274
11.12123799370783139 0.99211470162881144
11.18406984677962690 0.98228725103970049
11.24690169985142241 0.96858316143500978
11.30973355292321791 0.95105651659560619
11.37256540599501342 0.92977648618150843
11.43539725906680893 0.90482705275083986
11.49822911213860444 0.87630668031903947
11.56106096521039994 0.84432792576637672
11.62389281828219545 0.80901699462736743
11.68672467135399096 0.77051324301518764
11.74955652442578646 0.72896862764675974
11.81238837749758197 0.68454710613901359
11.87522023056937748 0.63742398994307758
11.93805208364117298 0.58778525247007285
12.00088393671296849 0.53582679513902354
12.06371578978476400 0.48175367424345400
12.12654764285655951 0.42577929168787998
12.18937949592835501 0.36812455278798539
12.25221134900015052 0.30901699445826336
12.31504320207194603 0.24868988722776667
12.37787505514374153 0.18738131462790034
12.44070690821553704 0.12533323358549348
12.50353876128733255 0.06279051952934867
12.56637061435912806 0.00000000000003543
12.62920246743092356 -0.06279051952927801
12.69203432050271907 -0.12533323356426918
12.75486617357451458 -0.18738131460667687
12.81769802664631008 -0.24868988720654439
12.88052987971810559 -0.30901699443704256
12.94336173278990110 -0.36812455276676626
13.00619358586169660 -0.42577929166666290
13.06902543893349211 -0.48175367422223930
13.13185729200528762 -0.53582679511781162
13.19468914507708313 -0.58778525244886404
13.25752099814887863 -0.63742398992187188
13.32035285122067414 -0.68454710611781144
13.38318470429246965 -0.72896862762556147
13.44601655736426515 -0.77051324299399326
13.50884841043606066 -0.80901699460617704
13.57168026350785617 -0.84432792574519067
13.63451211657965167 -0.87630668029785819
13.69734396965144718 -0.90482705272966368
13.76017582272324269 -0.92977648616033703
13.82300767579503820 -0.95105651657443979
13.88583952886683370 -0.96858316141384837
13.94867138193862921 -0.98228725101854419
14.01150323501042472 -0.99211470160766035
14.07433508808222022 -0.99802672872345699
14.13716694115401573 -1.00000000029585623
14.19999879422581124 -0.99802672872346365
14.26283064729760675 -0.99211470160767357
14.32566250036940225 -0.98228725101856373
14.38849435344119776 -0.96858316141387413
14.45132620651299327 -0.95105651657447166
14.51415805958478877 -0.92977648616037489
14.57698991265658428 -0.90482705272970743
14.63982176572837979 -0.87630668029790781
14.70265361880017529 -0.84432792574524596
14.76548547187197080 -0.80901699460623766
14.82831732494376631 -0.77051324299405888
14.89114917801556182 -0.72896862762563197
14.95398103108735732 -0.68454710611788661
15.01681288415915283 -0.63742398992195126
15.07964473723094834 -0.58778525244894719
15.14247659030274384 -0.53582679511789844
15.20530844337453935 -0.48175367422232945
15.26814029644633486 -0.42577929166675593
15.33097214951813037 -0.36812455276686179
15.39380400258992587 -0.30901699443714020
15.45663585566172138 -0.24868988720664384
15.51946770873351689 -0.18738131460677770
15.58229956180531239 -0.12533323356437098
15.64513141487710790 -0.06279051950822626
15.70796326794890341 0.00000000002108694
15.77079512102069891 0.06279051955040039
15.83362697409249442 0.12533323358539167
15.89645882716428993 0.18738131462779956
15.95929068023608544 0.24868988722766733
16.02212253330788272 0.30901699445816583
16.08495438637967823 0.36812455278788997
16.14778623945147373 0.42577929168778705
16.21061809252326924 0.48175367424336391
16.27344994559506475 0.53582679513893661
16.33628179866686025 0.58778525246998958
16.39911365173865576 0.63742398994299831
16.46194550481045127 0.68454710613893854
16.52477735788224678 0.72896862764668902
16.58760921095404228 0.77051324301512158
16.65044106402583779 0.80901699462730636
16.71327291709763330 0.84432792576632087
16.77610477016942880 0.87630668031898939
16.83893662324122431 0.90482705275079578
16.90176847631301982 0.92977648618147035
16.96460032938481532 0.95105651659557422
17.02743218245661083 0.96858316143498402
17.09026403552840634 0.98228725103968095
17.15309588860020185 0.99211470162879833
17.21592774167199735 0.99802672874459597
17.27875959474379286 1.00000000031699621
17.34159144781558837 0.99802672874460463
17.40442330088738387 0.99211470162881565
17.46725515395917938 0.98228725103970682
17.53008700703097489 0.96858316143501844
17.59291886010277040 0.95105651659561685
17.65575071317456590 0.92977648618152120
17.71858256624636141 0.90482705275085462
17.78141441931815692 0.87630668031905601
17.84424627238995242 0.84432792576639504
17.90707812546174793 0.80901699462738763
17.96990997853354344 0.77051324301520963
18.03274183160533894 0.72896862764678338
18.09557368467713445 0.68454710613903869
18.15840553774892996 0.63742398994310390
18.22123739082072547 0.58778525247010061
18.28406924389252097 0.53582679513905274
18.34690109696431648 0.48175367424348431
18.40973295003611199 0.42577929168791129
18.47256480310790749 0.36812455278801753
18.53539665617970300 0.30901699445829639
18.59822850925149851 0.24868988722780025
18.66106036232329402 0.18738131462793434
18.72389221539508952 0.12533323358552784
18.78672406846688503 0.06279051952938322
18.84955592153868054 0.00000000000007006
18.91238777461047604 -0.06279051952924343
18.97521962768227155 -0.12533323356423479
19.03805148075406706 -0.18738131460664281
19.10088333382586256 -0.24868988720651086
19.16371518689765807 -0.30901699443700975
19.22654703996945358 -0.36812455276673428
19.28937889304124909 -0.42577929166663186
19.35221074611304459 -0.48175367422220922
19.41504259918484010 -0.53582679511778253
19.47787445225663561 -0.58778525244883606
19.54070630532843111 -0.63742398992184535
19.60353815840022662 -0.68454710611778635
19.66637001147202213 -0.72896862762553793
19.72920186454381763 -0.77051324299397128
19.79203371761561314 -0.80901699460615695
19.85486557068740865 -0.84432792574517235
19.91769742375920416 -0.87630668029784187
19.98052927683099966 -0.90482705272964914
20.04336112990279517 -0.92977648616032471
20.10619298297459068 -0.95105651657442969
20.16902483604638618 -0.96858316141384038
20.23185668911818169 -0.98228725101853831
20.29468854218997720 -0.99211470160765669
20.35752039526177271 -0.99802672872345533
20.42035224833356821 -1.00000000029585667
20.48318410140536372 -0.99802672872346621
20.54601595447715923 -0.99211470160767823
20.60884780754895473 -0.98228725101857040
20.67167966062075024 -0.96858316141388290
20.73451151369254575 -0.95105651657448242
20.79734336676434125 -0.92977648616038766
20.86017521983613676 -0.90482705272972208
20.92300707290793227 -0.87630668029792447
20.98583892597972778 -0.84432792574526438
21.04867077905152328 -0.80901699460625787
21.11150263212331879 -0.77051324299408075
21.17433448519511430 -0.72896862762565551
21.23716633826690980 -0.68454710611791170
21.29999819133870531 -0.63742398992197791
21.36283004441050082 -0.58778525244897506
21.42566189748229633 -0.53582679511792752
21.48849375055409183 -0.48175367422235965
21.55132560362588734 -0.42577929166678713
21.61415745669768285 -0.36812455276689382
21.67698930976947835 -0.30901699443717290
21.73982116284127386 -0.24868988720667709
21.80265301591306937 -0.18738131460681148
21.86548486898486487 -0.12533323356440509
21.92831672205666038 -0.06279051950826059
21.99114857512845589 0.00000000002105254
22.05398042820025140 0.06279051955036606
22.11681228127204690 0.12533323358535753
22.17964413434384241 0.18738131462776575
22.24247598741563792 0.24868988722763399
22.30530784048743342 0.30901699445813313
22.36813969355922893 0.36812455278785805
22.43097154663102444 0.42577929168775608
22.49380339970281995 0.48175367424333410
22.55663525277461545 0.53582679513890807
22.61946710584641096 0.58778525246996227
22.68229895891820647 0.63742398994297222
22.74513081199000197 0.68454710613891412
22.80796266506179748 0.72896862764666626
22.87079451813359299 0.77051324301510049
22.93362637120538849 0.80901699462728682
22.99645822427718400 0.84432792576630311
23.05929007734897951 0.87630668031897341
23.12212193042077502 0.90482705275078168
23.18495378349257052 0.92977648618145814
23.24778563656436603 0.95105651659556401
23.31061748963616154 0.96858316143497580
23.37344934270795704 0.98228725103967496
23.43628119577975255 0.99211470162879456
23.49911304885154806 0.99802672874459453
23.56194490192334356 1.00000000031699687
23.62477675499513907 0.99802672874460752
23.68760860806693458 0.99211470162882065
23.75044046113873009 0.98228725103971404
23.81327231421052559 0.96858316143502765
23.87610416728232110 0.95105651659562829
23.93893602035411661 0.92977648618153486
24.00176787342591211 0.90482705275087028
24.06459972649770762 0.87630668031907366
24.12743157956950313 0.84432792576641458
24.19026343264129864 0.80901699462740906
24.25309528571309414 0.77051324301523283
24.31592713878488965 0.72896862764680836
24.37875899185668516 0.68454710613906544
24.44159084492848066 0.63742398994313232
24.50442269800027617 0.58778525247013047
24.56725455107207168 0.53582679513908360
24.63008640414386718 0.48175367424351623
24.69291825721566269 0.42577929168794421
24.75575011028745820 0.36812455278805145
24.81858196335925371 0.30901699445833092
24.88141381643104921 0.24868988722783542
24.94424566950284472 0.18738131462797003
25.00707752257464023 0.12533323358556386
25.06990937564643573 0.06279051952941947
25.13274122871823124 0.00000000000010638
25.19557308179002675 -0.06279051952920718
25.25840493486182226 -0.12533323356419868
25.32123678793361776 -0.18738131460660706
25.38406864100541327 -0.24868988720647553
25.44690049407720878 -0.30901699443697489
25.50973234714900428 -0.36812455276670009
25.57256420022079979 -0.42577929166659861
25.63539605329259530 -0.48175367422217702
25.69822790636439080 -0.53582679511775133
25.76105975943618631 -0.58778525244880619
25.82389161250798182 -0.63742398992181704
25.88672346557977733 -0.68454710611775971
25.94955531865157283 -0.72896862762551273
26.01238717172336834 -0.77051324299394774
26.07521902479516385 -0.80901699460613496
26.13805087786695935 -0.84432792574515214
26.20088273093875486 -0.87630668029782333
26.26371458401055037 -0.90482705272963260
26.32654643708234588 -0.92977648616031017
26.38937829015414138 -0.95105651657441703
26.45221014322593689 -0.96858316141382994
26.51504199629773240 -0.98228725101852998
26.57787384936952790 -0.99211470160765058
26.64070570244132341 -0.99802672872345155
26.70353755551311892 -1.00000000029585490
26.76636940858491442 -0.99802672872346676
26.82920126165670993 -0.99211470160768089
26.89203311472850544 -0.98228725101857528
26.95486496780030095 -0.96858316141389011
27.01769682087209645 -0.95105651657449186
27.08052867394389196 -0.92977648616039943
27.14336052701568747 -0.90482705272973596
27.20619238008748297 -0.87630668029794034
27.26902423315927848 -0.84432792574528215
27.33185608623107399 -0.80901699460627752
27.39468793930286949 -0.77051324299410218
27.45751979237466500 -0.72896862762567860
27.52035164544646051 -0.68454710611793634
27.58318349851825602 -0.63742398992200389
27.64601535159005152 -0.58778525244900270
27.70884720466184703 -0.53582679511795672
27.77167905773364254 -0.48175367422238996
27.83451091080543804 -0.42577929166681838
27.89734276387723355 -0.36812455276692596
27.96017461694902906 -0.30901699443720587
28.02300647002082457 -0.24868988720671070
28.08583832309262007 -0.18738131460684557
28.14867017616441558 -0.12533323356443959
28.21150202923621109 -0.06279051950829531
28.27433388230800659 0.00000000002101775
28.33716573537980210 0.06279051955033134
28.39999758845159761 0.12533323358532295
28.46282944152339311 0.18738131462773155
28.52566129459518862 0.24868988722760033
28.58849314766698413 0.30901699445810010
28.65132500073877964 0.36812455278782580
28.71415685381057514 0.42577929168772477
28.77698870688237065 0.48175367424330379
28.83982055995416616 0.53582679513887899
28.90265241302596166 0.58778525246993452
28.96548426609775717 0.63742398994294580
29.02831611916955268 0.68454710613888903
29.09114797224134819 0.72896862764664272
29.15397982531314369 0.77051324301507873
29.21681167838493920 0.80901699462726684
29.27964353145673471 0.84432792576628479
29.34247538452853021 0.87630668031895709
29.40530723760032572 0.90482705275076736
29.46813909067212123 0.92977648618144593
29.53097094374391673 0.95105651659555379
29.59380279681571224 0.96858316143496781
29.65663464988750775 0.98228725103966907
29.71946650295930326 0.99211470162879090
29.78229835603109876 0.99802672874459308
29.84513020910289427 1.00000000031699776
29.90796206217468978 0.99802672874461063
29.97079391524648528 0.99211470162882587
30.03362576831828079 0.98228725103972137
30.09645762139007630 0.96858316143503720
30.15928947446187181 0.95105651659564006
30.22212132753366731 0.92977648618154862
30.28495318060546282 0.90482705275088593
30.34778503367725833 0.87630668031909142
30.41061688674905383 0.84432792576643434
30.47344873982084934 0.80901699462743060
30.53628059289264485 0.77051324301525614
30.59911244596444035 0.72896862764683334
30.66194429903623586 0.68454710613909187
30.72477615210803137 0.63742398994316019
30.78760800517982688 0.58778525247015967
30.85043985825162238 0.53582679513911413
30.91327171132341789 0.48175367424354798
30.97610356439521340 0.42577929168797696
31.03893541746700890 0.36812455278808498
31.10176727053880441 0.30901699445836522
31.16459912361059992 0.24868988722787036
31.22743097668239542 0.18738131462800542
31.29026282975419093 0.12533323358559961
31.35309468282598644 0.06279051952945541
31.41592653589778195 0.00000000000014240
31.47875838896957745 -0.06279051952917124
31.54159024204137296 -0.12533323356416295
31.60442209511316847 -0.18738131460657168
31.66725394818496397 -0.24868988720644064
31.73008580125675948 -0.30901699443694075
31.79291765432855499 -0.36812455276666672
31.85574950740035050 -0.42577929166656608
31.91858136047214600 -0.48175367422214554
31.98141321354394151 -0.53582679511772113
32.04424506661573702 -0.58778525244877733
32.10707691968753608 -0.63742398992178939
32.16990877275933514 -0.68454710611773339
32.23274062583113420 -0.72896862762548775
32.29557247890293326 -0.77051324299392410
32.35840433197473232 -0.80901699460611265
32.42123618504653138 -0.84432792574513060
32.48406803811833043 -0.87630668029780290
32.54689989119012949 -0.90482705272961284
32.60973174426192855 -0.92977648616029085
32.67256359733372761 -0.95105651657439794
32.73539545040552667 -0.96858316141381084
32.79822730347732573 -0.98228725101851089
32.86105915654912479 -0.99211470160763116
32.92389100962092385 -0.99802672872343157
32.98672286269272291 -1.00000000029583425
33.04955471576452197 -0.99802672872344500
33.11238656883632103 -0.99211470160765780
33.17521842190812009 -0.98228725101855063
33.23805027497991915 -0.96858316141386358
33.30088212805171821 -0.95105651657446333
33.36371398112351727 -0.92977648616036856
33.42654583419531633 -0.90482705272970287
33.48937768726711539 -0.87630668029790482
33.55220954033891445 -0.84432792574524407
33.61504139341071351 -0.80901699460623677
33.67787324648251257 -0.77051324299405877
33.74070509955431163 -0.72896862762563253
33.80353695262611069 -0.68454710611788772
33.86636880569790975 -0.63742398992195248
33.92920065876970881 -0.58778525244894864
33.99203251184150787 -0.53582679511789988
34.05486436491330693 -0.48175367422233073
34.11769621798510599 -0.42577929166675693
34.18052807105690505 -0.36812455276686246
34.24335992412870411 -0.30901699443714048
34.30619177720050317 -0.24868988720664378
34.36902363027230223 -0.18738131460677734
34.43185548334410129 -0.12533323356437043
34.49468733641590035 -0.06279051950822555
34.55751918948769941 0.00000000002108774
34.62035104255949847 0.06279051955040107
34.68318289563129753 0.12533323358539192
34.74601474870309659 0.18738131462779936
34.80884660177489565 0.24868988722766647
34.87167845484669471 0.30901699445816405
34.93451030791849377 0.36812455278788708
34.99734216099029283 0.42577929168778278
35.06017401406209189 0.48175367424335802
35.12300586713389094 0.53582679513892895
35.18583772020569000 0.58778525246997948
35.24866957327748906 0.63742398994298533
35.31150142634928812 0.68454710613892245
35.37433327942108718 0.72896862764666981
35.43716513249288624 0.77051324301509849
35.49999698556468530 0.80901699462727916
35.56282883863648436 0.84432792576628901
35.62566069170828342 0.87630668031895231
35.68849254478008248 0.90482705275075337
35.75132439785188154 0.92977648618142217
35.81415625092368060 0.95105651659552004
35.87698810399547966 0.96858316143492340
35.93981995706727872 0.98228725103961345
36.00265181013907778 0.99211470162872373
36.06548366321087684 0.99802672874451404
36.12831551628267590 1.00000000031690672
36.19114736935447496 0.99802672874450749
36.25397922242627402 0.99211470162871052
36.31681107549807308 0.98228725103959347
36.37964292856987214 0.96858316143489664
36.44247478164167120 0.95105651659548684
36.50530663471347026 0.92977648618138264
36.56813848778526932 0.90482705275070774
36.63097034085706838 0.87630668031890069
36.69380219392886744 0.84432792576623150
36.75663404700066650 0.80901699462721599
36.81946590007246556 0.77051324301503010
36.88229775314426462 0.72896862764659631
36.94512960621606368 0.68454710613884429
37.00796145928786274 0.63742398994290261
37.07079331235966180 0.58778525246989255
37.13362516543146086 0.53582679513883824
37.19645701850325992 0.48175367424326399
37.25928887157505898 0.42577929168768569
37.32212072464685804 0.36812455278778727
37.38495257771865710 0.30901699445806191
37.44778443079045616 0.24868988722756241
37.51061628386225522 0.18738131462769378
37.57344813693405428 0.12533323358528528
37.63627999000585334 0.06279051952913944
37.69911184307765240 -0.00000000000017417
37.76194369614945145 -0.06279051952948718
37.82477554922125051 -0.12533323356447712
37.88760740229304957 -0.18738131460688304
37.95043925536484863 -0.24868988720674798
38.01327110843664769 -0.30901699443724290
38.07610296150844675 -0.36812455276696249
38.13893481458024581 -0.42577929166685419
38.20176666765204487 -0.48175367422242488
38.26459852072384393 -0.53582679511799047
38.32743037379564299 -0.58778525244903534
38.39026222686744205 -0.63742398992203508
38.45309407993924111 -0.68454710611796565
38.51592593301104017 -0.72896862762570569
38.57875778608283923 -0.77051324299412693
38.64158963915463829 -0.80901699460629939
38.70442149222643735 -0.84432792574530091
38.76725334529823641 -0.87630668029795566
38.83008519837003547 -0.90482705272974751
38.89291705144183453 -0.92977648616040709
38.95574890451363359 -0.95105651657449530
39.01858075758543265 -0.96858316141388900
39.08141261065723171 -0.98228725101856940
39.14424446372903077 -0.99211470160766979
39.20707631680082983 -0.99802672872345011
39.26990816987262889 -1.00000000029583269
39.33274002294442795 -0.99802672872342335
39.39557187601622701 -0.99211470160761639
39.45840372908802607 -0.98228725101848957
39.52123558215982513 -0.96858316141378298
39.58406743523162419 -0.95105651657436352
39.64689928830342325 -0.92977648616024988
39.70973114137522231 -0.90482705272956565
39.77256299444702137 -0.87630668029774994
39.83539484751882043 -0.84432792574507209
39.89822670059061949 -0.80901699460604848
39.96105855366241855 -0.77051324299385460
40.02389040673421761 -0.72896862762541326
40.08672225980601667 -0.68454710611765435
40.14955411287781573 -0.63742398992170612
40.21238596594961479 -0.58778525244868984
40.27521781902141385 -0.53582679511762987
40.33804967209321291 -0.48175367422205062
40.40088152516501196 -0.42577929166646783
40.46371337823681102 -0.36812455276656553
40.52654523130861008 -0.30901699443683683
40.58937708438040914 -0.24868988720633453
40.65220893745220820 -0.18738131460646371
40.71504079052400726 -0.12533323356405365
40.77787264359580632 -0.06279051950790687
40.84070449666760538 0.00000000002140704
40.90353634973940444 0.06279051955071974
40.96636820281120350 0.12533323358570872
41.02920005588300256 0.18738131462811303
41.09203190895480162 0.24868988722797578
41.15486376202660068 0.30901699445846786
41.21769561509839974 0.36812455278818412
41.28052746817019880 0.42577929168807194
41.34335932124199786 0.48175367424363802
41.40619117431379692 0.53582679513919873
41.46902302738559598 0.58778525247023805
41.53185488045739504 0.63742398994323179
41.59468673352919410 0.68454710613915581
41.65751858660099316 0.72896862764688886
41.72035043967279222 0.77051324301530255
41.78318229274459128 0.80901699462746735
41.84601414581639034 0.84432792576646065
41.90884599888818940 0.87630668031910675
41.97167785195998846 0.90482705275088982
42.03450970503178752 0.92977648618154018
42.09734155810358658 0.95105651659561896
42.16017341117538564 0.96858316143500300
42.22300526424718470 0.98228725103967363
42.28583711731898376 0.99211470162876392
42.34866897039078282 0.99802672874453413
42.41150082346258188 1.00000000031690695
42.47433267653438094 0.99802672874448761
42.53716452960618000 0.99211470162867044
42.59999638267797906 0.98228725103953374
42.66282823574977812 0.96858316143481737
42.72566008882157718 0.95105651659538837
42.78849194189337624 0.92977648618126529
42.85132379496517530 0.90482705275057196
42.91415564803697436 0.87630668031874714
42.97698750110877342 0.84432792576606075
43.03981935418057247 0.80901699462702881
43.10265120725237153 0.77051324301482704
43.16548306032417059 0.72896862764637793
43.22831491339596965 0.68454710613861181
43.29114676646776871 0.63742398994265681
43.35397861953956777 0.58778525246963442
43.41681047261136683 0.53582679513856857
43.47964232568316589 0.48175367424298421
43.54247417875496495 0.42577929168739675
43.60530603182676401 0.36812455278749034
43.66813788489856307 0.30901699445775821
43.73096973797036213 0.24868988722725310
43.79380159104216119 0.18738131462738014
43.85663344411396025 0.12533323358496848
43.91946529718575931 0.06279051952882077
43.98229715025755837 -0.00000000000049347
44.04512900332935743 -0.06279051952980585
44.10796085640115649 -0.12533323356479384
44.17079270947295555 -0.18738131460719656
44.23362456254475461 -0.24868988720705715
44.29645641561655367 -0.30901699443754643
44.35928826868835273 -0.36812455276725925
44.42212012176015179 -0.42577929166714307
44.48495197483195085 -0.48175367422270471
44.54778382790374991 -0.53582679511826015
44.61061568097554897 -0.58778525244929380
44.67344753404734803 -0.63742398992228111
44.73627938711914709 -0.68454710611819836
44.79911124019094615 -0.72896862762592429
44.86194309326274521 -0.77051324299433066
44.92477494633454427 -0.80901699460648746
44.98760679940634333 -0.84432792574547244
45.05043865247814239 -0.87630668029810987
45.11327050554994145 -0.90482705272988395
45.17610235862174051 -0.92977648616052511
45.23893421169353957 -0.95105651657459434
45.30176606476533863 -0.96858316141396872
45.36459791783713769 -0.98228725101862957
45.42742977090893675 -0.99211470160771009
45.49026162398073581 -0.99802672872347042
45.55309347705253487 -1.00000000029583269
45.61592533012433393 -0.99802672872340326
45.67875718319613298 -0.99211470160757609
45.74158903626793204 -0.98228725101842940
45.80442088933973110 -0.96858316141370349
45.86725274241153016 -0.95105651657426471
45.93008459548332922 -0.92977648616013242
45.99291644855512828 -0.90482705272942987
46.05574830162692734 -0.87630668029759606
46.11858015469872640 -0.84432792574490090
46.18141200777052546 -0.80901699460586052
46.24424386084232452 -0.77051324299365076
46.30707571391412358 -0.72896862762519432
46.36990756698592264 -0.68454710611742098
46.43273942005772170 -0.63742398992145943
46.49557127312952076 -0.58778525244843105
46.55840312620131982 -0.53582679511735987
46.62123497927311888 -0.48175367422177023
46.68406683234491794 -0.42577929166617828
46.74689868541671700 -0.36812455276626788
46.80973053848851606 -0.30901699443653230
46.87256239156031512 -0.24868988720602436
46.93539424463211418 -0.18738131460614921
46.99822609770391324 -0.12533323356373599
47.06105795077571230 -0.06279051950758734
47.12388980384751136 0.00000000002172721
47.18672165691931042 0.06279051955103927
47.24955350999110948 0.12533323358602633
47.31238536306290854 0.18738131462842755
47.37521721613470760 0.24868988722828592
47.43804906920650666 0.30901699445877240
47.50088092227830572 0.36812455278848183
47.56371277535010478 0.42577929168836154
47.62654462842190384 0.48175367424391857
47.68937648149370290 0.53582679513946885
47.75220833456550196 0.58778525247049696
47.81504018763730102 0.63742398994347815
47.87787204070910008 0.68454710613938885
47.94070389378089914 0.72896862764710779
48.00353574685269820 0.77051324301550650
48.06636759992449726 0.80901699462765542
48.12919945299629632 0.84432792576663207
48.19203130606809538 0.87630668031926084
48.25486315913989444 0.90482705275102604
48.31769501221169349 0.92977648618165798
48.38052686528349255 0.95105651659571788
48.44335871835529161 0.96858316143508272
48.50619057142709067 0.98228725103973380
48.56902242449888973 0.99211470162880444
48.63185427757068879 0.99802672874455478
48.69468613064248785 1.00000000031690739
48.75751798371428691 0.99802672874446796
48.82034983678608597 0.99211470162863080
48.88318168985788503 0.98228725103947423
48.94601354292968409 0.96858316143473844
49.00884539600148315 0.95105651659529000
49.07167724907328221 0.92977648618114828
49.13450910214508127 0.90482705275043673
49.19734095521688033 0.87630668031859393
49.26017280828867939 0.84432792576589000
49.32300466136047845 0.80901699462684129
49.38583651443227751 0.77051324301462387
49.44866836750407657 0.72896862764615999
49.51150022057587563 0.68454710613837966
49.57433207364767469 0.63742398994241123
49.63716392671947375 0.58778525246937663
49.69999577979127281 0.53582679513829978
49.76282763286307187 0.48175367424270510
49.82565948593487093 0.42577929168710854
49.88849133900666999 0.36812455278719425
49.95132319207846905 0.30901699445745529
50.01415504515026811 0.24868988722694454
50.07698689822206717 0.18738131462706720
50.13981875129386623 0.12533323358465243
50.20265060436566529 0.06279051952850284
50.26548245743746435 -0.00000000000081202
50.32831431050926341 -0.06279051953012378
50.39114616358106247 -0.12533323356510989
50.45397801665286153 -0.18738131460750948
50.51680986972466059 -0.24868988720736565
50.57964172279645965 -0.30901699443784930
50.64247357586825871 -0.36812455276755535
50.70530542894005777 -0.42577929166743123
50.76813728201185683 -0.48175367422298371
50.83096913508365589 -0.53582679511852893
50.89380098815545495 -0.58778525244955138
50.95663284122725400 -0.63742398992252647
51.01946469429905306 -0.68454710611843050
51.08229654737085212 -0.72896862762614223
51.14512840044265118 -0.77051324299453339
51.20796025351445024 -0.80901699460667420
51.27079210658624930 -0.84432792574564264
51.33362395965804836 -0.87630668029826286
51.39645581272984742 -0.90482705273001907
51.45928766580164648 -0.92977648616064179
51.52211951887344554 -0.95105651657469226
51.58495137194524460 -0.96858316141404743
51.64778322501704366 -0.98228725101868875
51.71061507808884272 -0.99211470160774962
51.77344693116064178 -0.99802672872349008
51.83627878423244084 -1.00000000029583269
51.89911063730423990 -0.99802672872338327
51.96194249037603896 -0.99211470160753634
52.02477434344783802 -0.98228725101836989
52.08760619651963708 -0.96858316141362433
52.15043804959143614 -0.95105651657416634
52.21326990266323520 -0.92977648616001496
52.27610175573503426 -0.90482705272929387
52.33893360880683332 -0.87630668029744219
52.40176546187863238 -0.84432792574472970
52.46459731495043144 -0.80901699460567289
52.52742916802223050 -0.77051324299344737
52.59026102109402956 -0.72896862762497594
52.65309287416582862 -0.68454710611718861
52.71592472723762768 -0.63742398992121374
52.77875658030942674 -0.58778525244817292
52.84158843338122580 -0.53582679511709030
52.90442028645302486 -0.48175367422149051
52.96725213952482392 -0.42577929166588951
53.03008399259662298 -0.36812455276597117
53.09291584566842204 -0.30901699443622888
53.15574769874022110 -0.24868988720571530
53.21857955181202016 -0.18738131460583574
53.28141140488381922 -0.12533323356341938
53.34424325795561828 -0.06279051950726884
53.40707511102741734 0.00000000002204635
53.46990696409921640 0.06279051955135778
53.53273881717101546 0.12533323358634296
53.59557067024281451 0.18738131462874102
53.65840252331461357 0.24868988722859500
53.72123437638641263 0.30901699445907577
53.78406622945821169 0.36812455278877843
53.84689808253001075 0.42577929168865025
53.90972993560180981 0.48175367424419818
53.97256178867360887 0.53582679513973852
54.03539364174540793 0.58778525247075519
54.09822549481720699 0.63742398994372418
54.16105734788900605 0.68454710613962155
54.22388920096080511 0.72896862764732617
54.28672105403260417 0.77051324301570967
54.34955290710440323 0.80901699462784271
54.41238476017620229 0.84432792576680282
54.47521661324800135 0.87630668031941439
54.53804846631980041 0.90482705275116149
54.60088031939159947 0.92977648618177500
54.66371217246339853 0.95105651659581603
54.72654402553519759 0.96858316143516154
54.78937587860699665 0.98228725103979309
54.85220773167879571 0.99211470162884385
54.91503958475059477 0.99802672874457421
54.97787143782239383 1.00000000031690650
55.04070329089419289 0.99802672874444698
55.10353514396599195 0.99211470162859006
55.16636699703779101 0.98228725103941350
55.22919885010959007 0.96858316143465806
55.29203070318138913 0.95105651659519042
55.35486255625318819 0.92977648618102959
55.41769440932498725 0.90482705275029940
55.48052626239678631 0.87630668031843872
55.54335811546858537 0.84432792576571769
55.60618996854038443 0.80901699462665255
55.66902182161218349 0.77051324301441904
55.73185367468398255 0.72896862764593984
55.79468552775578161 0.68454710613814529
55.85751738082758067 0.63742398994216376
55.92034923389937973 0.58778525246911684
55.98318108697117879 0.53582679513802867
56.04601294004297785 0.48175367424242377
56.10884479311477691 0.42577929168681811
56.17167664618657597 0.36812455278689576
56.23450849925837502 0.30901699445715003
56.29734035233017408 0.24868988722663374
56.36017220540197314 0.18738131462675198
56.42300405847377220 0.12533323358433401
56.48583591154557126 0.06279051952818251
56.54866776461737032 -0.00000000000113297
56.61149961768916938 -0.06279051953044411
56.67433147076096844 -0.12533323356542833
56.73716332383276750 -0.18738131460782478
56.79999517690456656 -0.24868988720767660
56.86282702997636562 -0.30901699443815467
56.92565888304816468 -0.36812455276785383
56.98849073611996374 -0.42577929166772172
57.05132258919176280 -0.48175367422326509
57.11415444226356186 -0.53582679511880027
57.17698629533536092 -0.58778525244981139
57.23981814840715998 -0.63742398992277438
57.30265000147895904 -0.68454710611866509
57.36548185455075810 -0.72896862762636272
57.42831370762255716 -0.77051324299473900
57.49114556069435622 -0.80901699460686416
57.55397741376615528 -0.84432792574581594
57.61680926683795434 -0.87630668029841896
57.67964111990975340 -0.90482705273015729
57.74247297298155246 -0.92977648616076147
57.80530482605335152 -0.95105651657479295
57.86813667912515058 -0.96858316141412892
57.93096853219694964 -0.98228725101875036
57.99380038526874870 -0.99211470160779125
58.05663223834054776 -0.99802672872351161
58.11946409141234682 -1.00000000029583402
58.18229594448414588 -0.99802672872336451
58.24512779755594494 -0.99211470160749760
58.30795965062774400 -0.98228725101831116
58.37079150369954306 -0.96858316141354583
58.43362335677134212 -0.95105651657406853
58.49645520984314118 -0.92977648615989827
58.55928706291494024 -0.90482705272915886
58.62211891598673930 -0.87630668029728953
58.68495076905853836 -0.84432792574455984
58.74778262213033742 -0.80901699460548615
58.81061447520213648 -0.77051324299324486
58.87344632827393553 -0.72896862762475834
58.93627818134573459 -0.68454710611695668
58.99911003441753365 -0.63742398992096849
59.06194188748933271 -0.58778525244791546
59.12477374056113177 -0.53582679511682163
59.18760559363293083 -0.48175367422121163
59.25043744670472989 -0.42577929166560141
59.31326929977652895 -0.36812455276567518
59.37610115284832801 -0.30901699443592601
59.43893300592012707 -0.24868988720540680
59.50176485899192613 -0.18738131460552290
59.56459671206372519 -0.12533323356310341
59.62742856513552425 -0.06279051950695097
59.69026041820732331 0.00000000002236484
59.75309227127912237 0.06279051955167565
59.81592412435092143 0.12533323358665893
59.87875597742272049 0.18738131462905389
59.94158783049451955 0.24868988722890348
60.00441968356631861 0.30901699445937864
60.06725153663811767 0.36812455278907447
60.13008338970991673 0.42577929168893824
60.19291524278171579 0.48175367424447707
60.25574709585351485 0.53582679514000719
60.31857894892531391 0.58778525247101265
60.38141080199711297 0.63742398994396932
60.44424265506891203 0.68454710613985348
60.50707450814071109 0.72896862764754400
60.56990636121251015 0.77051324301591251
60.63273821428430921 0.80901699462802967
60.69557006735610827 0.84432792576697313
60.75840192042790733 0.87630668031956760
60.82123377349970639 0.90482705275129682
60.88406562657150545 0.92977648618189190
60.94689747964330451 0.95105651659591417
61.00972933271510357 0.96858316143524037
61.07256118578690263 0.98228725103985204
61.13539303885870169 0.99211470162888304
61.19822489193050075 0.99802672874459342
61.26105674500229981 1.00000000031690561
61.32388859807409887 0.99802672874442599
61.38672045114589793 0.99211470162854909
61.44955230421769699 0.98228725103935277
61.51238415728949604 0.96858316143457779
61.57521601036129510 0.95105651659509094
61.63804786343309416 0.92977648618091135
61.70087971650489322 0.90482705275016273
61.76371156957669228 0.87630668031828418
61.82654342264849134 0.84432792576554594
61.88937527572029040 0.80901699462646404
61.95220712879208946 0.77051324301421464
62.01503898186388852 0.72896862764572068
62.07787083493568758 0.68454710613791192
62.14070268800748664 0.63742398994191718
62.20353454107928570 0.58778525246885782
62.26636639415108476 0.53582679513775833
62.32919824722288382 0.48175367424214321
62.39203010029468288 0.42577929168652845
62.45486195336648194 0.36812455278659806
62.51769380643828100 0.30901699445684555
62.58052565951008006 0.24868988722632362
62.64335751258187912 0.18738131462643753
62.70618936565367818 0.12533323358401646
62.76902121872547724 0.06279051952786309
